300.00 66.70 8.13
303.00 66.38 7.61
306.00 66.04 7.095
309.00 65.68 6.61
312.00 65.30 6.155
315.00 64.91 5.74
318.00 64.53 5.4
321.00 64.16 5.145
324.00 63.78 5.02
327.00 63.42 5.015
330.00 63.09 5.105
333.00 62.80 5.255
336.00 62.54 5.42
339.00 62.30 5.59
342.00 62.09 5.74
345.00 61.91 5.865
348.00 61.76 5.965
351.00 61.64 6.025
354.00 61.55 6.065
357.00 61.49 6.075
360.00 61.45 6.07
363.00 61.42 6.035
366.00 61.42 6.01
369.00 61.45 5.97
372.00 61.50 5.925
375.00 61.57 5.88
378.00 61.62 5.845
381.00 61.68 5.81
384.00 61.74 5.785
387.00 61.81 5.765
390.00 61.88 5.75
393.00 61.93 5.74
396.00 61.98 5.72
399.00 62.02 5.695
402.00 62.06 5.655
405.00 62.08 5.6
408.00 62.08 5.525
411.00 62.06 5.415
414.00 62.02 5.28
417.00 61.96 5.125
420.00 61.89 4.95
423.00 61.80 4.765
426.00 61.70 4.6
429.00 61.60 4.445
432.00 61.51 4.34
435.00 61.42 4.27
438.00 61.33 4.255
441.00 61.25 4.31
444.00 61.18 4.41
447.00 61.13 4.54
450.00 61.09 4.715
453.00 61.11 4.9
456.00 61.15 5.09
459.00 61.24 5.275
462.00 61.36 5.425
465.00 61.53 5.57
468.00 61.73 5.685
471.00 61.98 5.775
474.00 62.29 5.84
477.00 62.60 5.895
480.00 62.94 5.935
483.00 63.33 5.975
486.00 63.75 6
489.00 64.19 6.03
492.00 64.66 6.06
495.00 65.17 6.095
498.00 65.67 6.125
501.00 66.18 6.17
504.00 66.72 6.21
507.00 67.27 6.25
510.00 67.83 6.29
513.00 68.39 6.325
516.00 68.96 6.35
519.00 69.52 6.355
522.00 70.09 6.35
525.00 70.65 6.32
528.00 71.18 6.26
531.00 71.71 6.17
534.00 72.24 6.04
537.00 72.75 5.87
540.00 73.24 5.65
543.00 73.70 5.385
546.00 74.15 5.07
549.00 74.59 4.72
552.00 74.99 4.325
555.00 75.36 3.925
558.00 75.68 3.555
561.00 75.96 3.255
564.00 76.21 3.035
567.00 76.43 2.895
570.00 76.64 2.83
573.00 76.86 2.785
576.00 77.05 2.755
579.00 77.22 2.715
582.00 77.37 2.735
585.00 77.48 2.8
588.00 77.59 2.955
591.00 77.67 3.145
594.00 77.74 3.365
597.00 77.82 3.52
600.00 77.91 3.63
603.00 77.99 3.645
606.00 78.05 3.63
609.00 78.11 3.62
612.00 78.11 3.66
615.00 78.09 3.755
618.00 78.02 3.865
621.00 77.94 3.945
624.00 77.85 3.945
627.00 77.76 3.85
630.00 77.66 3.68
633.00 77.53 3.485
636.00 77.39 3.31
639.00 77.24 3.175
642.00 77.06 3.075
645.00 76.87 3.03
648.00 76.68 2.98
651.00 76.49 2.885
654.00 76.32 2.73
657.00 76.16 2.565
660.00 76.01 2.425
663.00 75.87 2.375
666.00 75.72 2.415
669.00 75.54 2.535
672.00 75.33 2.65
675.00 75.09 2.755
678.00 74.81 2.775
681.00 74.51 2.765
684.00 74.18 2.765
687.00 73.87 2.815
690.00 73.57 2.92
693.00 73.27 3.075
696.00 72.98 3.215
699.00 72.74 3.33
702.00 72.54 3.35
705.00 72.39 3.305
708.00 72.28 3.22
711.00 72.23 3.2
714.00 72.21 3.215
717.00 72.22 3.295
720.00 72.28 3.475
723.00 72.40 3.68
726.00 72.57 3.87
729.00 72.79 4.015
732.00 73.05 4.12
735.00 73.33 4.165
738.00 73.64 4.185
741.00 73.98 4.175
744.00 74.33 4.16
747.00 74.69 4.145
750.00 75.06 4.14
753.00 75.40 4.155
756.00 75.74 4.175
759.00 76.08 4.21
762.00 76.40 4.235
765.00 76.69 4.25
768.00 76.93 4.235
771.00 77.14 4.18
774.00 77.32 4.085
777.00 77.45 3.945
780.00 77.54 3.795
783.00 77.59 3.66
786.00 77.62 3.59
789.00 77.64 3.56
792.00 77.65 3.58
795.00 77.65 3.625
798.00 77.68 3.635
801.00 77.72 3.615
804.00 77.79 3.5
807.00 77.88 3.345
810.00 77.97 3.175
813.00 78.06 3.035
816.00 78.15 2.945
819.00 78.23 2.915
822.00 78.29 2.945
825.00 78.32 3
828.00 78.33 3.06
831.00 78.33 3.14
834.00 78.29 3.26
837.00 78.22 3.435
840.00 78.12 3.675
843.00 78.00 3.975
846.00 77.85 4.31
849.00 77.66 4.67
852.00 77.47 5.015
855.00 77.28 5.315
858.00 77.06 5.54
861.00 76.82 5.72
864.00 76.57 5.78
867.00 76.32 5.79
870.00 76.07 5.75
873.00 75.81 5.68
876.00 75.56 5.62
879.00 75.33 5.565
882.00 75.10 5.54
885.00 74.86 5.54
888.00 74.62 5.57
891.00 74.37 5.615
894.00 74.11 5.675
897.00 73.83 5.725
900.00 73.55 5.775
903.00 73.28 5.845
906.00 72.99 5.945
909.00 72.68 6.095
912.00 72.34 6.31
915.00 71.98 6.585
918.00 71.59 6.92
921.00 71.16 7.3
924.00 70.69 7.72
927.00 70.21 8.14
930.00 69.71 8.55
933.00 69.21 8.915
936.00 68.69 9.23
939.00 68.15 9.46
942.00 67.63 9.585
945.00 67.12 9.59
948.00 66.58 9.46
951.00 66.04 9.21
954.00 65.51 8.855
957.00 64.97 8.415
960.00 64.43 7.91
963.00 63.90 7.365
966.00 63.39 6.81
969.00 62.89 6.265
972.00 62.41 5.775
975.00 61.94 5.345
978.00 61.50 5.01
981.00 61.10 4.78
984.00 60.73 4.66
987.00 60.38 4.62
990.00 60.04 4.65
993.00 59.74 4.72
996.00 59.46 4.805
999.00 59.19 4.91
1002.00 58.95 5.01
1005.00 58.73 5.12
1008.00 58.53 5.22
1011.00 58.35 5.325
1014.00 58.20 5.425
1017.00 58.08 5.54
1020.00 57.99 5.645
1023.00 57.91 5.76
1026.00 57.85 5.88
1029.00 57.80 6.005
1032.00 57.79 6.145
1035.00 57.79 6.28
1038.00 57.81 6.425
1041.00 57.86 6.565
1044.00 57.94 6.705
1047.00 58.03 6.82
1050.00 58.15 6.94
1053.00 58.27 7.04
1056.00 58.40 7.115
1059.00 58.56 7.16
1062.00 58.74 7.175
1065.00 58.95 7.155
1068.00 59.16 7.095
1071.00 59.39 6.99
1074.00 59.64 6.84
1077.00 59.89 6.63
1080.00 60.15 6.39
1083.00 60.43 6.115
1086.00 60.70 5.825
1089.00 60.98 5.52
1092.00 61.25 5.225
1095.00 61.51 4.95
1098.00 61.75 4.715
1101.00 61.98 4.5
1104.00 62.21 4.34
1107.00 62.41 4.23
1110.00 62.58 4.155
1113.00 62.70 4.105
1116.00 62.79 4.075
1119.00 62.84 4.04
1122.00 62.83 4
1125.00 62.80 3.925
1128.00 62.69 3.825
1131.00 62.53 3.695
1134.00 62.30 3.56
1137.00 62.04 3.43
1140.00 61.73 3.33
1143.00 61.38 3.265
1146.00 61.00 3.245
1149.00 60.59 3.275
1152.00 60.16 3.33
1155.00 59.71 3.405
1158.00 59.24 3.48
1161.00 58.77 3.53
1164.00 58.30 3.56
1167.00 57.85 3.56
1170.00 57.41 3.54
1173.00 56.98 3.5
1176.00 56.57 3.47
1179.00 56.18 3.45
1182.00 55.79 3.45
1185.00 55.40 3.475
1188.00 55.02 3.54
1191.00 54.64 3.63
1194.00 54.27 3.755
1197.00 53.93 3.89
1200.00 53.60 4.035
1203.00 53.31 4.185
1206.00 53.03 4.315
1209.00 52.79 4.42
1212.00 52.58 4.49
1215.00 52.41 4.515
1218.00 52.29 4.485
1221.00 52.20 4.41
1224.00 52.13 4.27
1227.00 52.13 4.09
1230.00 52.15 3.88
1233.00 52.19 3.68
1236.00 52.25 3.535
1239.00 52.33 3.43
1242.00 52.42 3.37
1245.00 52.52 3.345
1248.00 52.61 3.31
1251.00 52.71 3.245
1254.00 52.80 3.14
1257.00 52.88 3.045
1260.00 52.95 2.965
1263.00 53.02 2.945
1266.00 53.07 2.975
1269.00 53.10 3.08
1272.00 53.13 3.2
1275.00 53.16 3.315
1278.00 53.20 3.395
1281.00 53.25 3.44
1284.00 53.30 3.45
1287.00 53.34 3.42
1290.00 53.39 3.375
1293.00 53.44 3.31
1296.00 53.50 3.245
1299.00 53.56 3.17
1302.00 53.63 3.105
1305.00 53.70 3.04
1308.00 53.78 2.97
1311.00 53.88 2.89
1314.00 53.99 2.795
1317.00 54.10 2.675
1320.00 54.24 2.525
1323.00 54.40 2.35
1326.00 54.58 2.17
1329.00 54.77 2.025
1332.00 54.98 1.995
1335.00 55.20 2.11
1338.00 55.42 2.35
1341.00 55.63 2.635
1344.00 55.85 2.92
1347.00 56.05 3.12
1350.00 56.23 3.245
1353.00 56.39 3.24
1356.00 56.50 3.2
1359.00 56.58 3.155
1362.00 56.65 3.2
1365.00 56.68 3.305
1368.00 56.68 3.485
1371.00 56.67 3.69
1374.00 56.62 3.865
1377.00 56.54 3.975
1380.00 56.43 4.06
1383.00 56.30 4.09
1386.00 56.15 4.075
1389.00 55.98 4.04
1392.00 55.79 3.98
1395.00 55.58 3.92
1398.00 55.37 3.85
1401.00 55.16 3.785
1404.00 54.95 3.73
1407.00 54.75 3.675
1410.00 54.57 3.61
1413.00 54.39 3.535
1416.00 54.24 3.42
1419.00 54.09 3.27
1422.00 53.98 3.085
1425.00 53.88 2.83
1428.00 53.81 2.515
1431.00 53.77 2.195
1434.00 53.75 1.9
1437.00 53.72 1.765
1440.00 53.69 1.71
1443.00 53.64 1.79
1446.00 53.57 1.905
1449.00 53.46 2.02
1452.00 53.33 2.115
1455.00 53.18 2.155
1458.00 53.00 2.185
1461.00 52.80 2.195
1464.00 52.58 2.21
1467.00 52.35 2.235
1470.00 52.10 2.27
1473.00 51.83 2.315
1476.00 51.56 2.35
1479.00 51.28 2.375
1482.00 51.02 2.37
1485.00 50.76 2.33
1488.00 50.52 2.23
1491.00 50.30 2.11
1494.00 50.11 1.965
1497.00 49.95 1.83
1500.00 49.85 1.72
1503.00 49.81 1.64
1506.00 49.80 1.59
1509.00 49.90 1.565
1512.00 50.05 1.52
1515.00 50.30 1.465
1518.00 50.65 1.345
1521.00 51.08 1.205
1524.00 51.57 1.045
1527.00 52.04 0.955
1530.00 52.46 0.95
1533.00 52.79 1.01
1536.00 52.89 1.05
1539.00 52.87 1.09
1542.00 52.77 1.13
1545.00 52.52 1.175
1548.00 52.25 1.255
1551.00 51.99 1.345
1554.00 51.77 1.435
1557.00 51.75 1.5
1560.00 51.76 1.57
1563.00 51.93 1.69
1566.00 52.22 1.87
1569.00 52.60 2.12
1572.00 53.04 2.34
1575.00 53.52 2.49
1578.00 53.99 2.49
1581.00 54.43 2.385
1584.00 54.83 2.195
1587.00 55.19 2.045
1590.00 55.48 1.95
1593.00 55.70 1.945
1596.00 55.79 1.965
1599.00 55.81 1.985
1602.00 55.77 1.99
1605.00 55.64 2.015
1608.00 55.46 2.055
1611.00 55.25 2.095
1614.00 55.02 2.11
1617.00 54.78 2.07
1620.00 54.53 1.98
1623.00 54.28 1.865
1626.00 54.03 1.785
1629.00 53.79 1.765
1632.00 53.54 1.84
1635.00 53.27 2.005
1638.00 53.01 2.21
1641.00 52.74 2.42
1644.00 52.45 2.605
1647.00 52.17 2.73
1650.00 51.89 2.82
1653.00 51.63 2.88
1656.00 51.39 2.95
1659.00 51.16 3.035
1662.00 50.97 3.12
1665.00 50.83 3.175
1668.00 50.73 3.18
1671.00 50.70 3.135
1674.00 50.74 3.005
1677.00 50.80 2.905
1680.00 50.86 2.84
1683.00 50.93 2.9
1686.00 50.94 2.98
1689.00 50.88 3.135
1692.00 50.77 3.25
1695.00 50.57 3.345
1698.00 50.33 3.4
1701.00 50.03 3.425
1704.00 49.68 3.43
1707.00 49.28 3.42
1710.00 48.85 3.415
1713.00 48.40 3.415
1716.00 47.95 3.43
1719.00 47.48 3.45
1722.00 47.01 3.485
1725.00 46.56 3.515
1728.00 46.11 3.535
1731.00 45.69 3.525
1734.00 45.30 3.49
1737.00 44.93 3.425
1740.00 44.59 3.34
1743.00 44.28 3.245
1746.00 44.01 3.165
1749.00 43.78 3.1
1752.00 43.59 3.055
1755.00 43.42 3.035
1758.00 43.27 3.04
1761.00 43.16 3.03
1764.00 43.08 3.02
1767.00 43.04 2.965
1770.00 43.01 2.875
1773.00 43.02 2.725
1776.00 43.04 2.53
1779.00 43.09 2.3
1782.00 43.15 2.075
1785.00 43.24 1.875
1788.00 43.31 1.71
1791.00 43.38 1.61
1794.00 43.47 1.55
1797.00 43.54 1.52
1800.00 43.60 1.505
1803.00 43.66 1.49
1806.00 43.70 1.5
1809.00 43.73 1.51
1812.00 43.75 1.54
1815.00 43.77 1.58
1818.00 43.78 1.61
1821.00 43.79 1.63
1824.00 43.79 1.635
1827.00 43.79 1.665
1830.00 43.78 1.76
1833.00 43.77 2.08
1836.00 43.77 2.42
1839.00 43.81 2.655
1842.00 43.92 3.005
1845.00 44.18 3.655
1848.00 44.71 7.305
