  -1.6000000e+03   4.4804317e+01   2.6006037e+00
  -1.5937350e+03   4.4597697e+01   2.5594518e+00
  -1.5874700e+03   4.4389761e+01   2.5183940e+00
  -1.5812049e+03   4.4179263e+01   2.4772538e+00
  -1.5749399e+03   4.3964924e+01   2.4358479e+00
  -1.5686749e+03   4.3745462e+01   2.3939919e+00
  -1.5624099e+03   4.3519597e+01   2.3515007e+00
  -1.5561449e+03   4.3286048e+01   2.3081887e+00
  -1.5498799e+03   4.3043587e+01   2.2638793e+00
  -1.5436148e+03   4.2791400e+01   2.2184636e+00
  -1.5373498e+03   4.2529572e+01   2.1719804e+00
  -1.5310848e+03   4.2258579e+01   2.1245326e+00
  -1.5248198e+03   4.1978943e+01   2.0762326e+00
  -1.5185548e+03   4.1691189e+01   2.0271942e+00
  -1.5122898e+03   4.1395837e+01   1.9775323e+00
  -1.5060247e+03   4.1093411e+01   1.9273637e+00
  -1.4997597e+03   4.0784434e+01   1.8768062e+00
  -1.4934947e+03   4.0469428e+01   1.8259796e+00
  -1.4872297e+03   4.0148916e+01   1.7750046e+00
  -1.4809647e+03   3.9823422e+01   1.7240041e+00
  -1.4746996e+03   3.9493466e+01   1.6731022e+00
  -1.4684346e+03   3.9159574e+01   1.6224247e+00
  -1.4621696e+03   3.8822266e+01   1.5720993e+00
  -1.4559046e+03   3.8482066e+01   1.5222554e+00
  -1.4496396e+03   3.8139497e+01   1.4730241e+00
  -1.4433746e+03   3.7795081e+01   1.4245384e+00
  -1.4371095e+03   3.7449341e+01   1.3769330e+00
  -1.4308445e+03   3.7102800e+01   1.3303442e+00
  -1.4245795e+03   3.6755981e+01   1.2849099e+00
  -1.4183145e+03   3.6409406e+01   1.2407694e+00
  -1.4120495e+03   3.6063598e+01   1.1980626e+00
  -1.4057845e+03   3.5719080e+01   1.1569301e+00
  -1.3995194e+03   3.5376375e+01   1.1175118e+00
  -1.3932544e+03   3.5036005e+01   1.0799468e+00
  -1.3869894e+03   3.4698493e+01   1.0443716e+00
  -1.3807244e+03   3.4364361e+01   1.0109190e+00
  -1.3744594e+03   3.4034134e+01   9.7971653e-01
  -1.3681943e+03   3.3708332e+01   9.5088450e-01
  -1.3619293e+03   3.3387480e+01   9.2453417e-01
  -1.3556643e+03   3.3072099e+01   9.0076572e-01
  -1.3493993e+03   3.2762713e+01   8.7966643e-01
  -1.3431343e+03   3.2459845e+01   8.6130917e-01
  -1.3368693e+03   3.2164016e+01   8.4575137e-01
  -1.3306042e+03   3.1875750e+01   8.3303482e-01
  -1.3243392e+03   3.1595570e+01   8.2318629e-01
  -1.3180742e+03   3.1323998e+01   8.1621919e-01
  -1.3118092e+03   3.1061557e+01   8.1213625e-01
  -1.3055442e+03   3.0808770e+01   8.1093307e-01
  -1.2992792e+03   3.0566081e+01   8.1258988e-01
  -1.2930141e+03   3.0333410e+01   8.1700283e-01
  -1.2867491e+03   3.0109683e+01   8.2391293e-01
  -1.2804841e+03   2.9893452e+01   8.3301455e-01
  -1.2742191e+03   2.9683252e+01   8.4403776e-01
  -1.2679541e+03   2.9477748e+01   8.5685458e-01
  -1.2616890e+03   2.9275847e+01   8.7155771e-01
  -1.2554240e+03   2.9076591e+01   8.8830424e-01
  -1.2491590e+03   2.8879332e+01   9.0720381e-01
  -1.2428940e+03   2.8684015e+01   9.2826601e-01
  -1.2366290e+03   2.8490815e+01   9.5143267e-01
  -1.2303640e+03   2.8299929e+01   9.7659921e-01
  -1.2240989e+03   2.8111558e+01   1.0036189e+00
  -1.2178339e+03   2.7925899e+01   1.0323060e+00
  -1.2115689e+03   2.7743153e+01   1.0624402e+00
  -1.2053039e+03   2.7563517e+01   1.0937717e+00
  -1.1990389e+03   2.7387191e+01   1.1260266e+00
  -1.1927739e+03   2.7214374e+01   1.1589112e+00
  -1.1865088e+03   2.7045264e+01   1.1921174e+00
  -1.1802438e+03   2.6880062e+01   1.2253260e+00
  -1.1739788e+03   2.6718964e+01   1.2582105e+00
  -1.1677138e+03   2.6562172e+01   1.2904400e+00
  -1.1614488e+03   2.6409883e+01   1.3216808e+00
  -1.1551837e+03   2.6262296e+01   1.3515993e+00
  -1.1489187e+03   2.6119611e+01   1.3798625e+00
  -1.1426537e+03   2.5982026e+01   1.4061398e+00
  -1.1363887e+03   2.5849740e+01   1.4301039e+00
  -1.1301237e+03   2.5722953e+01   1.4514313e+00
  -1.1238587e+03   2.5601863e+01   1.4698038e+00
  -1.1175936e+03   2.5486669e+01   1.4849086e+00
  -1.1113286e+03   2.5377570e+01   1.4964398e+00
  -1.1050636e+03   2.5274766e+01   1.5040992e+00
  -1.0987986e+03   2.5178451e+01   1.5076204e+00
  -1.0925336e+03   2.5088805e+01   1.5068888e+00
  -1.0862686e+03   2.5005975e+01   1.5020363e+00
  -1.0800035e+03   2.4930101e+01   1.4932859e+00
  -1.0737385e+03   2.4861321e+01   1.4808770e+00
  -1.0674735e+03   2.4799771e+01   1.4650569e+00
  -1.0612085e+03   2.4745589e+01   1.4460787e+00
  -1.0549435e+03   2.4698914e+01   1.4242012e+00
  -1.0486784e+03   2.4659882e+01   1.3996879e+00
  -1.0424134e+03   2.4628631e+01   1.3728072e+00
  -1.0361484e+03   2.4605300e+01   1.3438321e+00
  -1.0298834e+03   2.4590025e+01   1.3130412e+00
  -1.0236184e+03   2.4582944e+01   1.2807199e+00
  -1.0173534e+03   2.4584196e+01   1.2471614e+00
  -1.0110883e+03   2.4593917e+01   1.2126688e+00
  -1.0048233e+03   2.4612245e+01   1.1775582e+00
  -9.9855830e+02   2.4639309e+01   1.1421610e+00
  -9.9229329e+02   2.4675191e+01   1.1068265e+00
  -9.8602827e+02   2.4719895e+01   1.0719283e+00
  -9.7976325e+02   2.4773401e+01   1.0378730e+00
  -9.7349823e+02   2.4835687e+01   1.0051026e+00
  -9.6723322e+02   2.4906733e+01   9.7409383e-01
  -9.6096820e+02   2.4986516e+01   9.4535385e-01
  -9.5470318e+02   2.5075014e+01   9.1941321e-01
  -9.4843816e+02   2.5172205e+01   8.9681374e-01
  -9.4217314e+02   2.5278069e+01   8.7809120e-01
  -9.3590813e+02   2.5392582e+01   8.6375290e-01
  -9.2964311e+02   2.5515724e+01   8.5425159e-01
  -9.2337809e+02   2.5647473e+01   8.4995861e-01
  -9.1711307e+02   2.5787806e+01   8.5114055e-01
  -9.1084806e+02   2.5936703e+01   8.5794383e-01
  -9.0458304e+02   2.6094141e+01   8.7039039e-01
  -8.9831802e+02   2.6260053e+01   8.8836624e-01
  -8.9205300e+02   2.6434125e+01   9.1154672e-01
  -8.8578799e+02   2.6615677e+01   9.3936537e-01
  -8.7952297e+02   2.6803918e+01   9.7115444e-01
  -8.7325795e+02   2.6998048e+01   1.0062200e+00
  -8.6699293e+02   2.7197265e+01   1.0438686e+00
  -8.6072792e+02   2.7400770e+01   1.0834224e+00
  -8.5446290e+02   2.7607764e+01   1.1242292e+00
  -8.4819788e+02   2.7817443e+01   1.1656632e+00
  -8.4193286e+02   2.8028998e+01   1.2071114e+00
  -8.3566784e+02   2.8241608e+01   1.2479647e+00
  -8.2940283e+02   2.8454446e+01   1.2876338e+00
  -8.2313781e+02   2.8666687e+01   1.3255544e+00
  -8.1687279e+02   2.8877505e+01   1.3611846e+00
  -8.1060777e+02   2.9086075e+01   1.3940029e+00
  -8.0434276e+02   2.9291571e+01   1.4235060e+00
  -7.9807774e+02   2.9493168e+01   1.4492072e+00
  -7.9181272e+02   2.9690039e+01   1.4706348e+00
  -7.8554770e+02   2.9881358e+01   1.4873321e+00
  -7.7928269e+02   3.0066303e+01   1.4988574e+00
  -7.7301767e+02   3.0244167e+01   1.5048315e+00
  -7.6675265e+02   3.0414872e+01   1.5051401e+00
  -7.6048763e+02   3.0579192e+01   1.5000207e+00
  -7.5422261e+02   3.0738148e+01   1.4898191e+00
  -7.4795760e+02   3.0892777e+01   1.4748962e+00
  -7.4169258e+02   3.1044117e+01   1.4556199e+00
  -7.3542756e+02   3.1193204e+01   1.4323644e+00
  -7.2916254e+02   3.1341077e+01   1.4055090e+00
  -7.2289753e+02   3.1488773e+01   1.3754379e+00
  -7.1663251e+02   3.1637328e+01   1.3425397e+00
  -7.1036749e+02   3.1787780e+01   1.3072070e+00
  -7.0410247e+02   3.1941167e+01   1.2698362e+00
  -6.9783746e+02   3.2098525e+01   1.2308270e+00
  -6.9157244e+02   3.2260892e+01   1.1905820e+00
  -6.8530742e+02   3.2429306e+01   1.1495065e+00
  -6.7904240e+02   3.2604803e+01   1.1080069e+00
  -6.7277739e+02   3.2788422e+01   1.0664905e+00
  -6.6651237e+02   3.2981198e+01   1.0253628e+00
  -6.6024735e+02   3.3184171e+01   9.8502622e-01
  -6.5398233e+02   3.3398376e+01   9.4587635e-01
  -6.4771731e+02   3.3624851e+01   9.0829844e-01
  -6.4145230e+02   3.3864634e+01   8.7266248e-01
  -6.3518728e+02   3.4118761e+01   8.3931754e-01
  -6.2892226e+02   3.4388271e+01   8.0858557e-01
  -6.2265724e+02   3.4674200e+01   7.8075516e-01
  -6.1639223e+02   3.4977586e+01   7.5607612e-01
  -6.1012721e+02   3.5299466e+01   7.3475609e-01
  -6.0386219e+02   3.5640871e+01   7.1696024e-01
  -5.9759717e+02   3.6002553e+01   7.0280780e-01
  -5.9133216e+02   3.6383886e+01   6.9235154e-01
  -5.8506714e+02   3.6782573e+01   6.8557867e-01
  -5.7880212e+02   3.7195873e+01   6.8243637e-01
  -5.7253710e+02   3.7621017e+01   6.8282591e-01
  -5.6627208e+02   3.8055238e+01   6.8658972e-01
  -5.6000707e+02   3.8495770e+01   6.9350481e-01
  -5.5374205e+02   3.8939843e+01   7.0328326e-01
  -5.4747703e+02   3.9384692e+01   7.1557892e-01
  -5.4121201e+02   3.9827548e+01   7.2999848e-01
  -5.3494700e+02   4.0265644e+01   7.4611483e-01
  -5.2868198e+02   4.0696214e+01   7.6348099e-01
  -5.2241696e+02   4.1116488e+01   7.8164328e-01
  -5.1615194e+02   4.1523701e+01   8.0015303e-01
  -5.0988693e+02   4.1915085e+01   8.1857680e-01
  -5.0362191e+02   4.2287878e+01   8.3650587e-01
  -4.9735689e+02   4.2639565e+01   8.5358758e-01
  -4.9109187e+02   4.2968784e+01   8.6962202e-01
  -4.8482686e+02   4.3275486e+01   8.8458182e-01
  -4.7856184e+02   4.3559957e+01   8.9851129e-01
  -4.7229682e+02   4.3822499e+01   9.1148619e-01
  -4.6603180e+02   4.4063414e+01   9.2360433e-01
  -4.5976678e+02   4.4283007e+01   9.3497907e-01
  -4.5350177e+02   4.4481578e+01   9.4573392e-01
  -4.4723675e+02   4.4659431e+01   9.5599801e-01
  -4.4097173e+02   4.4816868e+01   9.6590218e-01
  -4.3470671e+02   4.4954192e+01   9.7557560e-01
  -4.2844170e+02   4.5071706e+01   9.8514286e-01
  -4.2217668e+02   4.5169711e+01   9.9472155e-01
  -4.1591166e+02   4.5248511e+01   1.0044202e+00
  -4.0964664e+02   4.5308407e+01   1.0143367e+00
  -4.0338163e+02   4.5349704e+01   1.0245569e+00
  -3.9711661e+02   4.5372702e+01   1.0351543e+00
  -3.9085159e+02   4.5377705e+01   1.0461893e+00
  -3.8458657e+02   4.5365015e+01   1.0577094e+00
  -3.7832155e+02   4.5334935e+01   1.0697504e+00
  -3.7205654e+02   4.5287768e+01   1.0823364e+00
  -3.6579152e+02   4.5223815e+01   1.0954824e+00
  -3.5952650e+02   4.5143380e+01   1.1091950e+00
  -3.5326148e+02   4.5046765e+01   1.1234753e+00
  -3.4699647e+02   4.4934273e+01   1.1383210e+00
  -3.4073145e+02   4.4806205e+01   1.1537289e+00
  -3.3446643e+02   4.4662866e+01   1.1696979e+00
  -3.2820141e+02   4.4504557e+01   1.1862320e+00
  -3.2193640e+02   4.4331581e+01   1.2033430e+00
  -3.1567138e+02   4.4144240e+01   1.2210540e+00
  -3.0940636e+02   4.3942837e+01   1.2394020e+00
  -3.0314134e+02   4.3727682e+01   1.2584410e+00
  -2.9687633e+02   4.3499295e+01   1.2782280e+00
  -2.9061131e+02   4.3259090e+01   1.2987575e+00
  -2.8434629e+02   4.3009383e+01   1.3199313e+00
  -2.7808127e+02   4.2752698e+01   1.3415970e+00
  -2.7181625e+02   4.2491569e+01   1.3635641e+00
  -2.6555124e+02   4.2228527e+01   1.3856082e+00
  -2.5928622e+02   4.1966105e+01   1.4074772e+00
  -2.5302120e+02   4.1706836e+01   1.4288981e+00
  -2.4675618e+02   4.1453252e+01   1.4495864e+00
  -2.4049117e+02   4.1208037e+01   1.4692454e+00
  -2.3422615e+02   4.0975247e+01   1.4874945e+00
  -2.2796113e+02   4.0762303e+01   1.5037419e+00
  -2.2169611e+02   4.0576928e+01   1.5174381e+00
  -2.1543110e+02   4.0422162e+01   1.5285331e+00
  -2.0916608e+02   4.0297431e+01   1.5373678e+00
  -2.0290106e+02   4.0201487e+01   1.5443777e+00
  -1.9663604e+02   4.0133071e+01   1.5500173e+00
  -1.9037102e+02   4.0090923e+01   1.5547503e+00
  -1.8410601e+02   4.0073785e+01   1.5590404e+00
  -1.7784099e+02   4.0080399e+01   1.5633414e+00
  -1.7157597e+02   4.0109505e+01   1.5680879e+00
  -1.6531095e+02   4.0159845e+01   1.5736851e+00
  -1.5904594e+02   4.0230161e+01   1.5804993e+00
  -1.5278092e+02   4.0319192e+01   1.5888481e+00
  -1.4651590e+02   4.0425681e+01   1.5989924e+00
  -1.4025088e+02   4.0548369e+01   1.6111297e+00
  -1.3398587e+02   4.0685997e+01   1.6253884e+00
  -1.2772085e+02   4.0837307e+01   1.6418255e+00
  -1.2145583e+02   4.1001039e+01   1.6604259e+00
  -1.1519081e+02   4.1175935e+01   1.6811038e+00
  -1.0892580e+02   4.1360736e+01   1.7037067e+00
  -1.0266078e+02   4.1554184e+01   1.7280209e+00
  -9.6395760e+01   4.1755019e+01   1.7537781e+00
  -9.0130742e+01   4.1961983e+01   1.7806628e+00
  -8.3865724e+01   4.2173817e+01   1.8083199e+00
  -7.7600707e+01   4.2389263e+01   1.8363627e+00
  -7.1335689e+01   4.2607061e+01   1.8643797e+00
  -6.5070671e+01   4.2825953e+01   1.8919412e+00
  -5.8805654e+01   4.3044681e+01   1.9186053e+00
  -5.2540636e+01   4.3261985e+01   1.9439231e+00
  -4.6275618e+01   4.3476606e+01   1.9674424e+00
  -4.0010601e+01   4.3687287e+01   1.9887123e+00
  -3.3745583e+01   4.3892768e+01   2.0072856e+00
  -2.7480565e+01   4.4091790e+01   2.0227219e+00
  -2.1215548e+01   4.4283095e+01   2.0345901e+00
  -1.4950530e+01   4.4465424e+01   2.0424705e+00
  -8.6855124e+00   4.4637518e+01   2.0459575e+00
  -2.4204947e+00   4.4798121e+01   2.0446609e+00
   3.8445230e+00   4.4946025e+01   2.0381883e+00
   1.0109541e+01   4.5080254e+01   2.0261446e+00
   1.6374558e+01   4.5200293e+01   2.0083929e+00
   2.2639576e+01   4.5306064e+01   1.9852091e+00
   2.8904594e+01   4.5397607e+01   1.9570086e+00
   3.5169611e+01   4.5474969e+01   1.9242363e+00
   4.1434629e+01   4.5538196e+01   1.8873555e+00
   4.7699647e+01   4.5587336e+01   1.8468438e+00
   5.3964664e+01   4.5622435e+01   1.8031900e+00
   6.0229682e+01   4.5643541e+01   1.7568907e+00
   6.6494700e+01   4.5650700e+01   1.7084474e+00
   7.2759717e+01   4.5643960e+01   1.6583629e+00
   7.9024735e+01   4.5623367e+01   1.6071378e+00
   8.5289753e+01   4.5588968e+01   1.5552663e+00
   9.1554770e+01   4.5540810e+01   1.5032309e+00
   9.7819788e+01   4.5478941e+01   1.4514971e+00
   1.0408481e+02   4.5403406e+01   1.4005065e+00
   1.1034982e+02   4.5314254e+01   1.3506695e+00
   1.1661484e+02   4.5211530e+01   1.3023568e+00
   1.2287986e+02   4.5095282e+01   1.2558909e+00
   1.2914488e+02   4.4965557e+01   1.2115381e+00
   1.3540989e+02   4.4822402e+01   1.1695003e+00
   1.4167491e+02   4.4665863e+01   1.1299100e+00
   1.4793993e+02   4.4496021e+01   1.0928254e+00
   1.5420495e+02   4.4313299e+01   1.0582118e+00
   1.6046996e+02   4.4119114e+01   1.0259169e+00
   1.6673498e+02   4.3915452e+01   9.9572589e-01
   1.7300000e+02   4.3704392e+01   9.6740074e-01
   1.7926502e+02   4.3488011e+01   9.4068461e-01
   1.8553004e+02   4.3268388e+01   9.1530191e-01
   1.9179505e+02   4.3047600e+01   8.9096107e-01
   1.9806007e+02   4.2827728e+01   8.6736019e-01
   2.0432509e+02   4.2610847e+01   8.4419619e-01
   2.1059011e+02   4.2399076e+01   8.2118601e-01
   2.1685512e+02   4.2194872e+01   7.9815069e-01
   2.2312014e+02   4.2001540e+01   7.7514099e-01
   2.2938516e+02   4.1822801e+01   7.5233641e-01
   2.3565018e+02   4.1662431e+01   7.2994627e-01
   2.4191519e+02   4.1524208e+01   7.0817773e-01
   2.4818021e+02   4.1411910e+01   6.8721917e-01
   2.5444523e+02   4.1329314e+01   6.6722758e-01
   2.6071025e+02   4.1280262e+01   6.4831664e-01
   2.6697527e+02   4.1269041e+01   6.3052966e-01
   2.7324028e+02   4.1300668e+01   6.1382328e-01
   2.7950530e+02   4.1378949e+01   5.9812990e-01
   2.8577032e+02   4.1502632e+01   5.8341495e-01
   2.9203534e+02   4.1666333e+01   5.6975119e-01
   2.9830035e+02   4.1862538e+01   5.5738707e-01
   3.0456537e+02   4.2083018e+01   5.4662895e-01
   3.1083039e+02   4.2319453e+01   5.3774051e-01
   3.1709541e+02   4.2563517e+01   5.3090225e-01
   3.2336042e+02   4.2806774e+01   5.2620655e-01
   3.2962544e+02   4.3040330e+01   5.2368882e-01
   3.3589046e+02   4.3254862e+01   5.2330366e-01
   3.4215548e+02   4.3440951e+01   5.2487868e-01
   3.4842049e+02   4.3589175e+01   5.2812904e-01
   3.5468551e+02   4.3690111e+01   5.3270724e-01
   3.6095053e+02   4.3734337e+01   5.3827168e-01
   3.6721555e+02   4.3712431e+01   5.4456828e-01
   3.7348057e+02   4.3615995e+01   5.5154641e-01
   3.7974558e+02   4.3441660e+01   5.5952800e-01
   3.8601060e+02   4.3190486e+01   5.6908318e-01
   3.9227562e+02   4.2864635e+01   5.8066172e-01
   3.9854064e+02   4.2472206e+01   5.9460247e-01
   4.0480565e+02   4.2023745e+01   6.1100267e-01
   4.1107067e+02   4.1530029e+01   6.2961594e-01
   4.1733569e+02   4.1001835e+01   6.4984888e-01
   4.2360071e+02   4.0449941e+01   6.7080772e-01
   4.2986572e+02   3.9885125e+01   6.9136941e-01
   4.3613074e+02   3.9318164e+01   7.1025924e-01
   4.4239576e+02   3.8759835e+01   7.2612370e-01
   4.4866078e+02   3.8220809e+01   7.3761754e-01
   4.5492580e+02   3.7710502e+01   7.4371025e-01
   4.6119081e+02   3.7234531e+01   7.4429885e-01
   4.6745583e+02   3.6796144e+01   7.3992744e-01
   4.7372085e+02   3.6398196e+01   7.3132407e-01
   4.7998587e+02   3.6043540e+01   7.1927276e-01
   4.8625088e+02   3.5734774e+01   7.0456047e-01
   4.9251590e+02   3.5472826e+01   6.8789751e-01
   4.9878092e+02   3.5255783e+01   6.6992866e-01
   5.0504594e+02   3.5080528e+01   6.5129469e-01
   5.1131095e+02   3.4943159e+01   6.3263619e-01
   5.1757597e+02   3.4839341e+01   6.1457133e-01
   5.2384099e+02   3.4764675e+01   5.9766303e-01
   5.3010601e+02   3.4714757e+01   5.8238307e-01
   5.3637102e+02   3.4685186e+01   5.6907907e-01
   5.4263604e+02   3.4671561e+01   5.5794937e-01
   5.4890106e+02   3.4669454e+01   5.4903326e-01
   5.5516608e+02   3.4674163e+01   5.4222923e-01
   5.6143110e+02   3.4680196e+01   5.3733375e-01
   5.6769611e+02   3.4681597e+01   5.3403160e-01
   5.7396113e+02   3.4672336e+01   5.3188527e-01
   5.8022615e+02   3.4646650e+01   5.3036734e-01
   5.8649117e+02   3.4600809e+01   5.2898040e-01
   5.9275618e+02   3.4535443e+01   5.2743703e-01
   5.9902120e+02   3.4453035e+01   5.2560622e-01
   6.0528622e+02   3.4356290e+01   5.2342065e-01
   6.1155124e+02   3.4247912e+01   5.2083425e-01
   6.1781625e+02   3.4130605e+01   5.1779715e-01
   6.2408127e+02   3.4007075e+01   5.1423797e-01
   6.3034629e+02   3.3880024e+01   5.1005365e-01
   6.3661131e+02   3.3752159e+01   5.0510663e-01
   6.4287633e+02   3.3626182e+01   4.9922950e-01
   6.4914134e+02   3.3504764e+01   4.9224288e-01
   6.5540636e+02   3.3390215e+01   4.8402799e-01
   6.6167138e+02   3.3283867e+01   4.7465802e-01
   6.6793640e+02   3.3186513e+01   4.6434735e-01
   6.7420141e+02   3.3098865e+01   4.5336623e-01
   6.8046643e+02   3.3021633e+01   4.4200816e-01
   6.8673145e+02   3.2955531e+01   4.3057159e-01
   6.9299647e+02   3.2901268e+01   4.1934308e-01
   6.9926148e+02   3.2859556e+01   4.0858222e-01
   7.0552650e+02   3.2831108e+01   3.9850901e-01
   7.1179152e+02   3.2816633e+01   3.8929523e-01
   7.1805654e+02   3.2816845e+01   3.8106176e-01
   7.2432155e+02   3.2832453e+01   3.7388367e-01
   7.3058657e+02   3.2864168e+01   3.6780487e-01
   7.3685159e+02   3.2912530e+01   3.6286610e-01
   7.4311661e+02   3.2977157e+01   3.5914117e-01
   7.4938163e+02   3.3056356e+01   3.5673214e-01
   7.5564664e+02   3.3147894e+01   3.5577034e-01
   7.6191166e+02   3.3249108e+01   3.5648466e-01
   7.6817668e+02   3.3357124e+01   3.5909605e-01
   7.7444170e+02   3.3469149e+01   3.6371934e-01
   7.8070671e+02   3.3583407e+01   3.7034219e-01
   7.8697173e+02   3.3700727e+01   3.7883620e-01
   7.9323675e+02   3.3823263e+01   3.8898706e-01
   7.9950177e+02   3.3953361e+01   4.0051337e-01
   8.0576678e+02   3.4093363e+01   4.1308690e-01
   8.1203180e+02   3.4245405e+01   4.2637499e-01
   8.1829682e+02   3.4410556e+01   4.4014159e-01
   8.2456184e+02   3.4588447e+01   4.5431225e-01
   8.3082686e+02   3.4778300e+01   4.6890257e-01
   8.3709187e+02   3.4979310e+01   4.8396936e-01
   8.4335689e+02   3.5190670e+01   4.9958895e-01
   8.4962191e+02   3.5411576e+01   5.1584145e-01
   8.5588693e+02   3.5641220e+01   5.3279867e-01
   8.6215194e+02   3.5878799e+01   5.5051519e-01
   8.6841696e+02   3.6123505e+01   5.6902211e-01
   8.7468198e+02   3.6374534e+01   5.8832339e-01
   8.8094700e+02   3.6631079e+01   6.0839414e-01
   8.8721201e+02   3.6892335e+01   6.2918069e-01
   8.9347703e+02   3.7157497e+01   6.5060194e-01
   8.9974205e+02   3.7425758e+01   6.7255163e-01
   9.0600707e+02   3.7696312e+01   6.9490124e-01
   9.1227208e+02   3.7968355e+01   7.1750313e-01
   9.1853710e+02   3.8241080e+01   7.4019377e-01
   9.2480212e+02   3.8513682e+01   7.6279687e-01
   9.3106714e+02   3.8785355e+01   7.8512638e-01
   9.3733216e+02   3.9055294e+01   8.0698912e-01
   9.4359717e+02   3.9322692e+01   8.2818733e-01
   9.4986219e+02   3.9586744e+01   8.4852086e-01
   9.5612721e+02   3.9846644e+01   8.6778926e-01
   9.6239223e+02   4.0101587e+01   8.8579365e-01
   9.6865724e+02   4.0350767e+01   9.0233869e-01
   9.7492226e+02   4.0593401e+01   9.1724050e-01
   9.8118728e+02   4.0828894e+01   9.3037307e-01
   9.8745230e+02   4.1057078e+01   9.4173722e-01
   9.9371731e+02   4.1277983e+01   9.5140033e-01
   9.9998233e+02   4.1491659e+01   9.5944964e-01
   1.0062473e+03   4.1698160e+01   9.6598390e-01
   1.0125124e+03   4.1897538e+01   9.7111184e-01
   1.0187774e+03   4.2089845e+01   9.7495111e-01
   1.0250424e+03   4.2275134e+01   9.7762728e-01
   1.0313074e+03   4.2453457e+01   9.7927313e-01
   1.0375724e+03   4.2624866e+01   9.8002784e-01
   1.0438375e+03   4.2789415e+01   9.8003642e-01
   1.0501025e+03   4.2947155e+01   9.7944891e-01
   1.0563675e+03   4.3098138e+01   9.7841971e-01
   1.0626325e+03   4.3242418e+01   9.7710670e-01
   1.0688975e+03   4.3380046e+01   9.7567026e-01
   1.0751625e+03   4.3511075e+01   9.7427222e-01
   1.0814276e+03   4.3635557e+01   9.7307452e-01
   1.0876926e+03   4.3753545e+01   9.7223782e-01
   1.0939576e+03   4.3865092e+01   9.7191984e-01
   1.1002226e+03   4.3970249e+01   9.7227365e-01
   1.1064876e+03   4.4069068e+01   9.7344578e-01
   1.1127527e+03   4.4161604e+01   9.7557431e-01
   1.1190177e+03   4.4247907e+01   9.7878697e-01
   1.1252827e+03   4.4328030e+01   9.8319935e-01
   1.1315477e+03   4.4402025e+01   9.8891328e-01
   1.1378127e+03   4.4469946e+01   9.9601549e-01
   1.1440777e+03   4.4531844e+01   1.0045766e+00
   1.1503428e+03   4.4587772e+01   1.0146506e+00
   1.1566078e+03   4.4637782e+01   1.0262746e+00
   1.1628728e+03   4.4681927e+01   1.0394692e+00
   1.1691378e+03   4.4720258e+01   1.0542393e+00
   1.1754028e+03   4.4752829e+01   1.0705753e+00
   1.1816678e+03   4.4779692e+01   1.0884542e+00
   1.1879329e+03   4.4800899e+01   1.1078416e+00
   1.1941979e+03   4.4816503e+01   1.1286939e+00
   1.2004629e+03   4.4826555e+01   1.1509593e+00
   1.2067279e+03   4.4831110e+01   1.1745802e+00
   1.2129929e+03   4.4830243e+01   1.1994754e+00
   1.2192580e+03   4.4824130e+01   1.2254743e+00
   1.2255230e+03   4.4813052e+01   1.2523145e+00
   1.2317880e+03   4.4797312e+01   1.2797114e+00
   1.2380530e+03   4.4777217e+01   1.3073802e+00
   1.2443180e+03   4.4753072e+01   1.3350388e+00
   1.2505830e+03   4.4725184e+01   1.3624089e+00
   1.2568481e+03   4.4693859e+01   1.3892167e+00
   1.2631131e+03   4.4659401e+01   1.4151938e+00
   1.2693781e+03   4.4622118e+01   1.4400781e+00
   1.2756431e+03   4.4582314e+01   1.4636142e+00
   1.2819081e+03   4.4540296e+01   1.4855540e+00
   1.2881731e+03   4.4496370e+01   1.5056577e+00
   1.2944382e+03   4.4450841e+01   1.5236943e+00
   1.3007032e+03   4.4404015e+01   1.5394427e+00
   1.3069682e+03   4.4356198e+01   1.5526926e+00
   1.3132332e+03   4.4307695e+01   1.5632466e+00
   1.3194982e+03   4.4258814e+01   1.5709215e+00
   1.3257633e+03   4.4209859e+01   1.5755506e+00
   1.3320283e+03   4.4161136e+01   1.5769871e+00
   1.3382933e+03   4.4112952e+01   1.5751073e+00
   1.3445583e+03   4.4065611e+01   1.5698154e+00
   1.3508233e+03   4.4019421e+01   1.5610497e+00
   1.3570883e+03   4.3974693e+01   1.5487930e+00
   1.3633534e+03   4.3931928e+01   1.5331613e+00
   1.3696184e+03   4.3892380e+01   1.5146554e+00
   1.3758834e+03   4.3858022e+01   1.4941039e+00
   1.3821484e+03   4.3830987e+01   1.4723850e+00
   1.3884134e+03   4.3813413e+01   1.4503428e+00
   1.3946784e+03   4.3807437e+01   1.4287728e+00
   1.4009435e+03   4.3815020e+01   1.4083949e+00
   1.4072085e+03   4.3836991e+01   1.3897646e+00
   1.4134735e+03   4.3872158e+01   1.3732069e+00
   1.4197385e+03   4.3918606e+01   1.3589360e+00
   1.4260035e+03   4.3974347e+01   1.3471079e+00
   1.4322686e+03   4.4037404e+01   1.3378232e+00
   1.4385336e+03   4.4105940e+01   1.3311267e+00
   1.4447986e+03   4.4178696e+01   1.3270163e+00
   1.4510636e+03   4.4254928e+01   1.3254679e+00
   1.4573286e+03   4.4334004e+01   1.3264465e+00
   1.4635936e+03   4.4415295e+01   1.3299043e+00
   1.4698587e+03   4.4498172e+01   1.3357773e+00
   1.4761237e+03   4.4582006e+01   1.3439829e+00
   1.4823887e+03   4.4666169e+01   1.3544186e+00
   1.4886537e+03   4.4750030e+01   1.3669608e+00
   1.4949187e+03   4.4832963e+01   1.3814658e+00
   1.5011837e+03   4.4914336e+01   1.3977703e+00
   1.5074488e+03   4.4993523e+01   1.4156926e+00
   1.5137138e+03   4.5069893e+01   1.4350354e+00
   1.5199788e+03   4.5142818e+01   1.4555872e+00
   1.5262438e+03   4.5211669e+01   1.4771249e+00
   1.5325088e+03   4.5275817e+01   1.4994163e+00
   1.5387739e+03   4.5334633e+01   1.5222222e+00
   1.5450389e+03   4.5387488e+01   1.5452985e+00
   1.5513039e+03   4.5433754e+01   1.5683982e+00
   1.5575689e+03   4.5472801e+01   1.5912732e+00
   1.5638339e+03   4.5504000e+01   1.6136757e+00
   1.5700989e+03   4.5526723e+01   1.6353599e+00
   1.5763640e+03   4.5540341e+01   1.6560830e+00
   1.5826290e+03   4.5544224e+01   1.6756064e+00
   1.5888940e+03   4.5537745e+01   1.6936969e+00
   1.5951590e+03   4.5520273e+01   1.7101278e+00
   1.6014240e+03   4.5491180e+01   1.7246799e+00
   1.6076890e+03   4.5449838e+01   1.7371427e+00
   1.6139541e+03   4.5395617e+01   1.7473156e+00
   1.6202191e+03   4.5327888e+01   1.7550096e+00
   1.6264841e+03   4.5246022e+01   1.7600492e+00
   1.6327491e+03   4.5149392e+01   1.7622739e+00
   1.6390141e+03   4.5037366e+01   1.7615417e+00
   1.6452792e+03   4.4909318e+01   1.7577312e+00
   1.6515442e+03   4.4764617e+01   1.7507467e+00
   1.6578092e+03   4.4602635e+01   1.7405218e+00
   1.6640742e+03   4.4422743e+01   1.7270266e+00
   1.6703392e+03   4.4224446e+01   1.7102691e+00
   1.6766042e+03   4.4008232e+01   1.6902571e+00
   1.6828693e+03   4.3776629e+01   1.6669008e+00
   1.6891343e+03   4.3533005e+01   1.6399973e+00
   1.6953993e+03   4.3280821e+01   1.6092386e+00
   1.7016643e+03   4.3023539e+01   1.5742089e+00
   1.7079293e+03   4.2764622e+01   1.5343810e+00
   1.7141943e+03   4.2507531e+01   1.4891182e+00
   1.7204594e+03   4.2255728e+01   1.4376788e+00
   1.7267244e+03   4.2012677e+01   1.3792245e+00
   1.7329894e+03   4.1781838e+01   1.3128300e+00
   1.7392544e+03   4.1566675e+01   1.2374953e+00
   1.7455194e+03   4.1370649e+01   1.1521603e+00
   1.7517845e+03   4.1197222e+01   1.0557228e+00
   1.7580495e+03   4.1049857e+01   9.4706333e-01
   1.7643145e+03   4.0932213e+01   8.2518172e-01
   1.7705795e+03   4.0850574e+01   6.9042188e-01
   1.7768445e+03   4.0819749e+01   5.4730910e-01
   1.7831095e+03   4.0860370e+01   4.0315700e-01
   1.7893746e+03   4.0994102e+01   2.6567037e-01
   1.7956396e+03   4.1242680e+01   1.4298163e-01
   1.8019046e+03   4.1630221e+01   5.5278684e-02
   1.8081696e+03   4.2180955e+01   8.4951610e-02
   1.8144346e+03   4.2881191e+01   1.5177480e-01
   1.8206996e+03   4.3684758e+01   2.0538529e-01
   1.8269647e+03   4.4539410e+01   2.3698846e-01
   1.8332297e+03   4.5392878e+01   2.3830513e-01
   1.8394947e+03   4.6193418e+01   2.0149594e-01
   1.8457597e+03   4.6893030e+01   1.3021026e-01
   1.8520247e+03   4.7451346e+01   5.3904261e-02
   1.8582898e+03   4.7838797e+01   3.2299197e-02
   1.8645548e+03   4.8064905e+01   5.0425781e-02
   1.8708198e+03   4.8184200e+01   5.0729451e-02
   1.8770848e+03   4.8227955e+01   3.4590070e-02
   1.8833498e+03   4.8038651e+01   2.0303438e-02
   1.8896148e+03   4.7329747e+01   2.7768152e-02
   1.8958799e+03   4.6679626e+01   3.3178724e-02
   1.9021449e+03   4.6523167e+01   3.0330014e-02
   1.9084099e+03   4.6412369e+01   2.5874389e-02
   1.9146749e+03   4.6364120e+01   3.5887035e-02
   1.9209399e+03   4.6263484e+01   3.5178175e-02
   1.9272049e+03   4.5915316e+01   2.2960204e-02
   1.9334700e+03   4.5577048e+01   2.5520396e-02
   1.9397350e+03   4.5496280e+01   3.0771372e-02
   1.9460000e+03   4.5293265e+01   4.8162896e-02
