  -1.4720000e+03  -1.2370648e+01   4.4824856e+01   5.9219376e+00   4.9533780e+00
  -1.4238380e+03  -1.0705283e+01   3.9311760e+01   6.1924623e+00   5.3790048e+00
  -1.3756761e+03  -8.7730668e+00   3.3995679e+01   6.5411774e+00   5.7926434e+00
  -1.3275141e+03  -6.3215722e+00   2.9062977e+01   6.7668525e+00   6.0296857e+00
  -1.2793521e+03  -3.1124573e+00   2.4699424e+01   6.6798994e+00   5.9433557e+00
  -1.2311901e+03   9.2561267e-01   2.1044362e+01   6.1872663e+00   5.4725289e+00
  -1.1830282e+03   5.4957530e+00   1.8134771e+01   5.3816825e+00   4.7220810e+00
  -1.1348662e+03   1.0140677e+01   1.5963042e+01   4.4562851e+00   3.8882535e+00
  -1.0867042e+03   1.4383453e+01   1.4516102e+01   3.6413080e+00   3.2044696e+00
  -1.0385423e+03   1.7754178e+01   1.3778809e+01   3.1428422e+00   2.8645864e+00
  -9.9038028e+02   1.9884139e+01   1.3706208e+01   2.9947460e+00   2.8535236e+00
  -9.4221831e+02   2.0747249e+01   1.4152404e+01   3.0538185e+00   2.9947055e+00
  -8.9405634e+02   2.0558887e+01   1.4906377e+01   3.1998866e+00   3.1726380e+00
  -8.4589437e+02   1.9542896e+01   1.5795171e+01   3.3865586e+00   3.3532691e+00
  -7.9773239e+02   1.7854744e+01   1.6741261e+01   3.6002947e+00   3.5323286e+00
  -7.4957042e+02   1.5624214e+01   1.7702732e+01   3.8403191e+00   3.7161264e+00
  -7.0140845e+02   1.2978475e+01   1.8641297e+01   4.1072501e+00   3.9119408e+00
  -6.5324648e+02   1.0044692e+01   1.9518673e+01   4.3973060e+00   4.1224140e+00
  -6.0508451e+02   6.9500468e+00   2.0296611e+01   4.7029085e+00   4.3451548e+00
  -5.5692254e+02   3.8231369e+00   2.0940732e+01   5.0176886e+00   4.5768215e+00
  -5.0876056e+02   8.0033557e-01   2.1441490e+01   5.3387414e+00   4.8164067e+00
  -4.6059859e+02  -1.9723583e+00   2.1855324e+01   5.6467375e+00   5.0481948e+00
  -4.1243662e+02  -4.3511301e+00   2.2348054e+01   5.8783289e+00   5.2145939e+00
  -3.6427465e+02  -6.1953855e+00   2.3145159e+01   5.9478823e+00   5.2345566e+00
  -3.1611268e+02  -7.3876485e+00   2.4460856e+01   5.7947130e+00   5.0436023e+00
  -2.6795070e+02  -7.9387492e+00   2.6381692e+01   5.4681920e+00   4.6670967e+00
  -2.1978873e+02  -8.0271148e+00   2.8784543e+01   5.1485698e+00   4.2504114e+00
  -1.7162676e+02  -7.8203740e+00   3.1480066e+01   4.9924232e+00   3.9454082e+00
  -1.2346479e+02  -7.4622800e+00   3.4269115e+01   5.0306386e+00   3.8233746e+00
  -7.5302817e+01  -7.0889569e+00   3.6948582e+01   5.1508214e+00   3.8241638e+00
  -2.7140845e+01  -6.8111186e+00   3.9335594e+01   5.1937784e+00   3.8093109e+00
   2.1021127e+01  -6.6405232e+00   4.1331077e+01   5.1090912e+00   3.7038817e+00
   6.9183099e+01  -6.5096055e+00   4.2896500e+01   4.9440461e+00   3.5194638e+00
   1.1734507e+02  -6.3485247e+00   4.3991817e+01   4.7413517e+00   3.2867204e+00
   1.6550704e+02  -6.0921773e+00   4.4572523e+01   4.5146739e+00   3.0356099e+00
   2.1366901e+02  -5.6758435e+00   4.4593795e+01   4.2425842e+00   2.7848435e+00
   2.6183099e+02  -5.0375765e+00   4.4014467e+01   3.8777438e+00   2.5362332e+00
   3.0999296e+02  -4.1457474e+00   4.2838082e+01   3.4030501e+00   2.2926076e+00
   3.5815493e+02  -3.0780741e+00   4.1210707e+01   2.9281790e+00   2.0952594e+00
   4.0631690e+02  -2.0574360e+00   3.9372337e+01   2.5958480e+00   1.9733438e+00
   4.5447887e+02  -1.3171567e+00   3.7527568e+01   2.3958044e+00   1.8722149e+00
   5.0264085e+02  -8.7561920e-01   3.5805289e+01   2.2906459e+00   1.7870875e+00
   5.5080282e+02  -6.4608378e-01   3.4195270e+01   2.2807652e+00   1.7612311e+00
   5.9896479e+02  -7.3729626e-01   3.2515356e+01   2.2893793e+00   1.7611105e+00
   6.4712676e+02  -1.2098753e+00   3.0696950e+01   2.2388954e+00   1.7346198e+00
   6.9528873e+02  -2.0337720e+00   2.8844866e+01   2.1433103e+00   1.6943835e+00
   7.4345070e+02  -3.2212167e+00   2.7097944e+01   2.1024580e+00   1.7210963e+00
   7.9161268e+02  -4.7963368e+00   2.5596683e+01   2.2483346e+00   1.9107994e+00
   8.3977465e+02  -6.7533159e+00   2.4487106e+01   2.6528365e+00   2.3017302e+00
   8.8793662e+02  -9.0021823e+00   2.3897375e+01   3.2521869e+00   2.8303277e+00
   9.3609859e+02  -1.1238566e+01   2.3889753e+01   3.8224849e+00   3.3052026e+00
   9.8426056e+02  -1.3030539e+01   2.4481716e+01   4.0990099e+00   3.4940549e+00
   1.0324225e+03  -1.4007044e+01   2.5627876e+01   3.9493960e+00   3.2712455e+00
   1.0805845e+03  -1.4118064e+01   2.7110176e+01   3.5697313e+00   2.8125172e+00
   1.1287465e+03  -1.3603387e+01   2.8708229e+01   3.2225015e+00   2.4105041e+00
   1.1769085e+03  -1.2745836e+01   3.0340490e+01   2.9711664e+00   2.2006870e+00
   1.2250704e+03  -1.1904426e+01   3.1799738e+01   2.9557720e+00   2.2591193e+00
   1.2732324e+03  -1.1507609e+01   3.2572130e+01   3.0057669e+00   2.3625905e+00
   1.3213944e+03  -1.1549323e+01   3.2762566e+01   2.7536169e+00   2.2345233e+00
   1.3695563e+03  -1.1423308e+01   3.3463451e+01   2.6290748e+00   2.1816053e+00
   1.4177183e+03  -1.0411688e+01   3.5845515e+01   3.2034438e+00   2.5372326e+00
   1.4658803e+03  -8.4148085e+00   3.9881824e+01   4.2400490e+00   3.1715767e+00
   1.5140423e+03  -6.2096476e+00   4.3948903e+01   4.8733930e+00   3.5332547e+00
   1.5622042e+03  -4.0015365e+00   4.7244813e+01   4.8032073e+00   3.3763244e+00
   1.6103662e+03  -1.6501175e+00   4.9851602e+01   4.3465239e+00   2.9010478e+00
   1.6585282e+03   9.5753992e-01   5.1854025e+01   3.9180439e+00   2.4172220e+00
   1.7066901e+03   3.8330593e+00   5.3015200e+01   3.7134590e+00   2.1411188e+00
   1.7548521e+03   6.9782358e+00   5.2795056e+01   3.5783675e+00   2.0316474e+00
   1.8030141e+03   1.0368008e+01   5.0703220e+01   3.2732659e+00   1.9294260e+00
   1.8511761e+03   1.3844480e+01   4.6887695e+01   2.9723120e+00   1.9872204e+00
   1.8993380e+03   1.7160948e+01   4.1930457e+01   3.2643433e+00   2.5246896e+00
   1.9475000e+03   2.0123979e+01   3.6454459e+01   4.3677852e+00   3.4990856e+00
