-70	-3.4	67.3	1.9	0.7
-60	-3.3	67.1	1.9	0.7
-50	-3.2	67	1.9	0.7
-40	-3.2	66.8	1.8	0.7
-30	-3.1	66.7	1.8	0.7
-20	-3	66.5	1.8	0.7
-10	-2.7	66.3	1.7	0.7
0	-2.5	66	1.7	0.7
10	-2.2	65.8	1.6	0.7
20	-2.2	65.6	1.6	0.7
30	-2.3	65.3	1.6	0.7
40	-2.5	64.9	1.7	0.7
50	-2.8	64.4	1.9	0.8
60	-2.8	63.7	1.6	0.7
70	-2.8	63	1.5	0.7
80	-2.8	62.8	1.4	0.7
90	-2.8	62.5	1.4	0.6
100	-2.6	62.4	1.5	0.7
110	-2.4	62.3	1.5	0.7
120	-2.2	62.2	1.6	0.8
130	-1.8	61.9	1.6	0.7
140	-1.4	61.6	1.5	0.7
150	-1.3	61.2	1.6	0.8
160	-1.4	60.9	1.7	0.8
170	-1.9	60.6	1.4	0.7
180	-2.4	60.5	1.4	0.7
190	-2.5	60.5	1.6	0.8
200	-2.4	60.6	1.6	0.8
210	-2.4	60.6	1.5	0.7
220	-2.5	60.6	1.6	0.8
230	-2.6	60.6	1.6	0.8
240	-2.7	60.6	1.5	0.7
250	-2.8	60.6	1.3	0.7
260	-2.8	60.6	1.3	0.6
270	-2.7	60.5	1.2	0.6
280	-2.6	60.5	1.2	0.6
290	-2.5	60.5	1.2	0.6
300	-2.5	60.5	1.2	0.6
310	-2.4	60.5	1.2	0.6
320	-2.4	60.6	1.2	0.6
330	-2.3	60.9	1.1	0.5
340	-2.2	61.1	1.1	0.5
350	-2.1	61.4	1.1	0.5
360	-2.1	61.6	1.1	0.5
370	-2.1	61.8	1.1	0.5
380	-2.1	62	1.2	0.6
390	-1.9	62.4	1.3	0.6
400	-1.7	62.7	1.4	0.6
410	-1.6	63.1	1.5	0.7
420	-1.4	63.4	1.6	0.7
430	-1.2	63.8	1.8	0.8
440	-0.6	64.4	1.8	0.8
450	0	64.9	1.7	0.7
460	0.5	65.5	1.7	0.7
470	1.1	66	1.7	0.7
480	1.5	66.4	1.6	0.7
490	1.8	66.6	1.6	0.6
500	2	66.7	1.6	0.6
510	2.3	66.9	1.5	0.6
520	2.7	67.2	1.5	0.6
530	3.1	67.5	1.4	0.6
540	3.4	67.8	1.4	0.5
550	3.8	68.1	1.4	0.5
560	4.1	68.5	1.4	0.5
570	4.2	68.8	1.3	0.5
580	4.4	69.1	1.3	0.5
590	4.5	69.4	1.2	0.4
600	4.4	69.5	1.2	0.4
610	4.1	69.6	1.2	0.4
620	3.8	69.7	1.2	0.4
630	3.3	69.7	1.2	0.4
640	2.7	69.8	1.3	0.4
650	2.1	69.8	1.3	0.4
660	1.5	69.8	1.3	0.4
670	1.2	69.8	1.2	0.4
680	1.2	69.9	1.2	0.4
690	1.5	70	1.3	0.4
700	2.6	70.3	1.5	0.5
710	3.6	70.5	1.7	0.6
720	4.7	70.7	1.7	0.6
730	5.4	70.8	1.7	0.6
740	5.7	70.7	1.7	0.6
750	6.1	70.6	1.7	0.6
760	6.7	70.5	1.7	0.6
770	7.3	70.4	1.6	0.5
780	8	70.3	1.6	0.5
790	8.7	70.3	1.7	0.6
800	9.4	70.3	1.7	0.6
810	10.7	70.3	1.7	0.6
820	11.9	70.2	1.6	0.6
830	13.2	70.2	1.6	0.6
840	13.5	70.2	1.6	0.5
850	13.8	70.2	1.5	0.5
860	14.2	70.1	1.5	0.5
870	14.5	70	1.6	0.5
880	14.8	69.8	1.7	0.6
890	15.8	69.1	1.8	0.6
900	16.9	68.4	1.9	0.7
910	17.7	67.7	2.1	0.8
920	18.2	67	2.1	0.8
930	18.8	66.2	2.0	0.8
940	19.1	65.5	1.9	0.8
950	19.1	65	1.7	0.7
960	19.1	64.5	1.6	0.7
970	19.1	64	1.4	0.6
980	19.1	63.9	1.4	0.6
990	19.2	63.8	1.4	0.6
1000	19.2	63.7	1.4	0.6
1010	19.2	63.5	1.4	0.6
1020	19.2	63.3	1.4	0.6
1030	19.2	63	1.4	0.6
1040	19.2	62.8	1.4	0.6
1050	19.2	62.6	1.4	0.7
1060	19.2	62.4	1.4	0.7
1070	19.2	62.3	1.5	0.7
1080	19.2	62.1	1.5	0.7
1090	18.9	61.9	1.5	0.7
1100	18.6	61.6	1.5	0.7
1110	18.3	61.4	1.5	0.7
1120	18	61.2	1.5	0.7
1130	17.6	61.1	1.6	0.8
1140	17.3	60.9	1.7	0.8
1150	16.9	60.8	1.8	0.9
1160	16.5	60.5	1.9	0.9
1170	16	60.2	2.0	1.0
1180	15.5	59.9	2.1	1.0
1190	15	59.6	2.2	1.1
1200	14.4	59.3	2.1	1.1
1210	13.7	58.9	2.0	1.1
1220	13.1	58.6	2.0	1.0
1230	12.7	58.3	1.9	1.0
1240	12.3	58	1.9	1.0
1250	11.9	57.6	1.8	1.0
1260	11.6	57.4	1.8	1.0
1270	11.2	57.1	1.7	0.9
1280	10.9	56.9	1.7	0.9
1290	10.1	56.7	1.7	0.9
1300	9	56.6	1.7	0.9
1310	8.3	56.5	1.7	0.9
1320	8	56.3	1.6	0.9
1330	7.6	56.1	1.6	0.9
1340	7.1	55.9	1.6	0.9
1350	6.6	55.6	1.6	0.9
1360	6.1	55.4	1.6	0.9
1370	5.6	55.4	1.7	0.9
1380	5.3	55.6	1.7	1.0
1390	4.9	55.7	1.8	1.0
1400	4.6	55.9	1.8	1.0
1410	4.9	56.6	1.9	1.0
1420	5.3	57.4	2.0	1.1
1430	5.6	58.1	2.1	1.1
1440	5.9	58.9	2.2	1.1
1450	6.2	59.6	2.3	1.2
1460	6.7	60.5	2.3	1.2
1470	7.3	61.5	2.4	1.1
1480	7.8	62.4	2.4	1.1
1490	8.4	63.4	2.4	1.1
1500	9	64.4	2.4	1.0
1510	9.3	64.8	2.2	0.9
1520	9.5	65.2	2.1	0.9
1530	9.8	65.6	2.0	0.8
1540	9.8	66	1.9	0.8
1550	9.7	66.3	1.8	0.7
1560	9.4	66.2	1.9	0.8
1570	9.1	66.3	2.0	0.8
1580	8.8	66.6	2.1	0.8
1590	8.3	67.4	2.2	0.9
1600	7.4	68.5	2.3	0.8
1610	6.5	69.6	2.4	0.8
1620	4.8	70.1	2.5	0.8
1630	3.2	70.6	2.5	0.8
1640	1.5	71.1	2.6	0.8
1650	0	71.4	2.6	0.8
1660	-1.3	71.5	2.7	0.8
1670	-2.7	71.6	2.7	0.9
1680	-4.1	71.7	2.8	0.9
1690	-5.4	71.8	2.8	0.9
1700	-6.8	71.9	2.9	0.9