-900	39.69	61.39	8.82	4.22	0	0.00
-880	37.69	62.06	7.64	3.58	0	0.00
-860	35.58	62.7	6.42	2.94	0	0.00
-840	33.32	63.29	5.20	2.34	0	0.00
-820	30.88	63.81	4.10	1.81	0	0.00
-800	28.26	64.22	3.27	1.42	0	0.00
-780	25.52	64.49	2.84	1.23	96.98	8.82
-760	22.81	64.67	2.83	1.21	95.22	8.18
-740	20.25	64.81	3.08	1.31	93.46	7.56
-720	17.9	65.01	3.42	1.44	91.7	6.96
-700	15.75	65.27	3.73	1.56	89.94	6.39
-680	13.74	65.59	3.92	1.62	88.18	5.85
-660	11.82	65.91	3.97	1.62	86.43	5.35
-640	10.03	66.21	3.89	1.57	84.69	4.90
-620	8.43	66.49	3.71	1.48	82.97	4.50
-600	7.13	66.78	3.43	1.35	81.26	4.17
-580	6.2	67.1	3.07	1.19	79.59	3.92
-560	5.64	67.53	2.59	0.99	77.97	3.76
-540	5.31	67.99	2.02	0.75	76.42	3.66
-520	4.87	68.3	1.58	0.58	74.95	3.59
-500	3.99	68.21	1.55	0.57	73.57	3.53
-480	2.66	67.64	1.71	0.65	72.3	3.44
-460	1.19	66.67	1.74	0.69	71.15	3.30
-440	-0.23	65.5	1.60	0.66	70.12	3.11
-420	-1.72	64.44	1.43	0.62	69.2	2.88
-400	-3.4	63.7	1.42	0.63	68.4	2.63
-380	-5.25	63.32	1.51	0.68	67.73	2.37
-360	-6.94	63.25	1.57	0.70	67.2	2.13
-340	-8.08	63.39	1.54	0.69	66.85	1.92
-320	-8.4	63.63	1.50	0.67	66.71	1.75
-300	-7.88	63.88	1.50	0.66	66.78	1.60
-280	-6.8	64.04	1.52	0.67	67.05	1.47
-260	-5.62	64.01	1.56	0.68	67.51	1.45
-240	-4.73	63.72	1.62	0.72	68.21	1.60
-220	-4.14	63.17	1.69	0.76	69.17	1.85
-200	-3.68	62.44	1.72	0.80	70.27	2.09
-180	-3.21	61.68	1.64	0.78	71.24	2.31
-160	-2.72	61.06	1.39	0.67	71.67	2.53
-140	-2.26	60.82	1.04	0.51	71.19	2.63
-120	-1.92	61.1	0.83	0.40	69.72	2.55
-100	-1.82	61.94	0.93	0.44	67.56	2.37
-80	-2.03	63.06	1.02	0.46	65.18	2.06
-60	-2.41	63.96	0.90	0.40	63.12	1.68
-40	-2.67	64.18	0.80	0.35	61.9	1.34
-20	-2.65	63.57	0.84	0.37	61.69	1.19
0	-2.25	62.59	0.79	0.37	62.12	1.16
20	-1.64	61.54	0.69	0.33	62.75	1.16
40	-1.51	60.48	0.67	0.33	63.43	1.20
60	-2.14	59.32	0.73	0.37	63.99	1.25
80	-2.49	58.11	0.66	0.34	64.23	1.36
100	-1.89	57.06	0.59	0.32	64.19	1.55
120	-0.96	56.18	0.69	0.38	64.11	1.67
140	-0.27	55.3	0.75	0.43	64.16	1.64
160	-0.26	54.37	0.63	0.37	64.34	1.46
180	-1.08	53.61	0.47	0.28	64.57	1.25
200	-2.39	53.36	0.57	0.34	64.83	1.18
220	-3.47	53.77	0.67	0.39	65.07	1.28
240	-3.61	54.58	0.66	0.39	65.22	1.37
260	-2.6	55.38	0.64	0.37	65.07	1.42
280	-1.02	55.85	0.53	0.30	64.3	1.60
300	0.27	55.7	0.52	0.29	62.59	1.96
320	0.69	55.09	0.69	0.40	60.09	2.19
340	0.37	54.45	0.83	0.49	57.47	2.04
360	-0.29	54.02	0.91	0.53	55.51	1.61
380	-0.88	53.91	0.96	0.57	54.52	1.42
400	-1.03	54.15	1.01	0.59	54.34	1.85
420	-0.55	54.72	1.05	0.61	54.74	2.58
440	0.47	55.49	1.09	0.62	55.54	3.26
460	1.67	56.36	1.22	0.68	56.64	3.75
480	2.66	57.31	1.56	0.84	58.04	4.00
500	3.21	58.37	2.07	1.09	59.85	4.07
520	3.24	59.54	2.66	1.35	62.14	3.96
540	2.72	60.79	3.22	1.57	64.89	3.55
560	1.78	62.09	3.66	1.71	67.89	2.92
580	0.6	63.34	3.81	1.71	70.8	2.31
600	-0.75	64.45	3.61	1.56	73.43	2.14
620	-2.15	65.45	3.13	1.30	75.77	2.38
640	-3.28	66.35	2.54	1.02	77.85	2.68
660	-3.91	67.09	2.05	0.80	79.59	2.88
680	-4.04	67.62	1.75	0.66	80.92	2.95
700	-3.91	67.94	1.59	0.59	81.78	3.00
720	-3.69	68.05	1.60	0.60	82.13	3.21
740	-3.33	67.93	1.75	0.66	81.94	3.83
760	-2.65	67.62	1.88	0.72	81.2	4.89
780	-1.51	67.2	1.84	0.71	79.99	6.25
800	0.14	66.8	1.62	0.64	78.4	7.67
820	2.36	66.11	1.39	0.58	76.61	8.85
840	5.14	64.09	1.24	0.86	74.77	9.56
860	8.2	63.33	1.11	0.90	72.99	9.76
880	11.15	63.95	0.98	0.77	71.33	9.46
900	13.59	64.61	0.85	0.62	69.82	8.72
920	15.38	65.06	0.91	0.67	68.49	7.63
940	13.21	65.76	1.85	0.76	67.33	6.31
960	10.06	66.55	1.41	0.56	66.35	4.89
980	10.59	66.44	1.53	0.61	65.53	3.54
1000	14.7	64.7	1.98	0.85	64.85	2.46
1020	17.48	61.77	1.52	0.72	64.28	1.81
1040	17.74	58.99	1.05	0.54	63.82	1.79
1060	18.06	57.71	0.98	0.52	63.49	2.18
1080	19.02	58.3	1.10	0.58	63.17	2.48
1100	17.89	59.13	0.98	0.51	62.56	2.47
1120	14.62	58.35	1.18	0.62	61.46	2.24
1140	12.14	56.52	1.01	0.56	59.89	2.01
1160	12.23	55.36	1.07	0.61	58.04	1.92
1180	13.92	54.69	1.14	0.66	56.18	1.98
1200	14.79	54.02	1.07	0.63	54.42	2.08
1220	13.82	53.27	1.11	0.66	52.91	2.02
1240	12.76	52.31	1.12	0.69	51.81	1.78
1260	13.06	50.95	0.76	0.48	51.22	1.43
1280	11.66	49.96	0.77	0.49	51	1.18
1300	7.94	49.48	0.70	0.45	51.05	1.05
1320	5.93	49.82	0.58	0.37	51.47	1.10
1340	6.85	51.75	0.82	0.51	52.32	1.40
1360	7.3	53.85	0.80	0.47	53.35	1.79
1380	5.4	55.54	0.85	0.48	54.03	2.05
1400	2.3	57.05	1.08	0.58	53.89	2.03
1420	-0.61	58.78	1.58	0.82	52.72	1.67
1440	-1.09	60.58	1.99	0.98	50.83	1.19
1460	1.15	61.55	2.23	1.06	49.2	1.15
1480	4.57	61.24	2.49	1.20	48.49	1.27
1500	7.57	60.21	2.31	1.15	48.83	1.27
1520	9.09	59.78	1.56	0.79	49.84	1.14
1540	9.3	60.84	1.03	0.50	50.94	1.06
1560	9.93	62.72	1.38	0.63	52.08	1.14
1580	12.16	64.46	1.60	0.69	53.19	0.85
1600	12.75	65.7	1.35	0.56	53.83	0.53
1620	9.04	66.11	1.52	0.61	53.55	0.60
1640	3.19	65.64	1.28	0.53	52.29	0.78
1660	-1.49	65.81	0.88	0.36	50.78	0.89
1680	-3.76	67.45	1.04	0.40	49.31	1.01
1700	-6.41	68.67	1.40	0.51	47.52	1.38
1720	-9.71	67.84	1.54	0.58	45.27	1.58
1740	-12.15	65.91	0.95	0.39	43.09	1.41
1760	-14.11	63.87	0.71	0.31	41.58	1.00
1780	-15.86	61.92	0.82	0.38	41.1	0.62
1800	-16.13	60.49	0.90	0.45	41.75	0.57
1820	-14.99	59.62	0.90	0.45	0	0.00
1840	-13.84	58.59	0.67	0.35	0	0.00
1860	-12.41	56.92	0.83	0.45	0	0.00
1880	-10.06	55.95	0.84	0.47	0	0.00
1900	-6.77	56.4	0.86	0.48	0	0.00
1920	-4.12	57.06	0.71	0.39	0	0.00
1940	-3.06	56.4	0.90	0.50	0	0.00
1960	-2.23	54.71	1.10	0.63	0	0.00
1980	-1	52.75	1.58	0.95	0	0.00