-1000 14.808355 60.130839 2.618243 1.0493965 60.945614 2.2998967
-990 15.381102 59.898211 2.6274302 1.0494388 60.512522 2.168433
-980 15.921305 59.666084 2.6249506 1.0484832 60.088111 2.0609395
-970 16.437175 59.435878 2.6105277 1.0459916 59.676377 1.9785619
-960 16.936849 59.208964 2.5840413 1.0414234 59.281379 1.9216285
-950 17.428391 58.986676 2.5454944 1.0342447 58.907242 1.8894604
-940 17.919397 58.771342 2.4950522 1.0239521 58.560799 1.8803424
-930 18.415778 58.569523 2.4333131 1.0101577 58.259503 1.8915216
-920 18.92278 58.38908 2.3613094 0.99264918 58.023423 1.9193677
-910 19.445309 58.238048 2.2809213 0.97168234 57.872609 1.9603006
-900 19.98789 58.124447 2.1946789 0.94792595 57.827124 2.01117
-890 20.552316 58.054585 2.1048334 0.92206621 57.90331 2.0693049
-880 21.130916 58.028545 2.0121162 0.8943907 58.102425 2.1334187
-870 21.713767 58.044565 1.9166282 0.86498557 58.421954 2.2031288
-860 22.291114 58.100559 1.8183735 0.8338821 58.859373 2.278549
-850 22.853465 58.194181 1.7175117 0.80113451 59.412137 2.360104
-840 23.390581 58.323191 1.6142004 0.76675963 60.076612 2.4487817
-830 23.888464 58.486425 1.5078443 0.73044063 60.844876 2.5472567
-820 24.332954 58.682988 1.3997807 0.69234136 61.70789 2.6585276
-810 24.710822 58.911982 1.2955908 0.65378784 62.656592 2.7850624
-800 25.00968 59.172494 1.2073953 0.61789169 63.681944 2.9282162
-790 25.218912 59.463177 1.1555545 0.59024238 64.774864 3.0871696
-780 25.332659 59.781044 1.1624497 0.57807736 65.925909 3.255862
-770 25.346258 60.122782 1.2345198 0.58545488 67.125642 3.4271237
-760 25.255001 60.485182 1.356097 0.61021964 68.364763 3.5940855
-750 25.054018 60.865135 1.4989984 0.6448199 69.634121 3.7502213
-740 24.739358 61.258927 1.6363221 0.68027824 70.924066 3.8902357
-730 24.311511 61.660339 1.7545551 0.71111426 72.222415 4.0130518
-720 23.771706 62.06292 1.8475218 0.73459446 73.516321 4.1193473
-710 23.120734 62.460676 1.911295 0.74930826 74.792908 4.2101057
-700 22.35899 62.848018 1.9432141 0.75467281 76.039265 4.2864366
-690 21.48853 63.219724 1.9435705 0.7510577 77.242876 4.3501015
-680 20.519147 63.571055 1.9196946 0.74045445 78.392819 4.4047176
-670 19.462417 63.897757 1.8795056 0.72489667 79.478382 4.4536355
-660 18.329766 64.196033 1.8290471 0.7059958 80.488606 4.499211
-650 17.132533 64.462503 1.7720454 0.68496746 81.412285 4.5427681
-640 15.886808 64.694676 1.710685 0.66281565 82.239485 4.5849402
-630 14.627828 64.892678 1.6485691 0.640717 82.965917 4.6263852
-620 13.395324 65.058164 1.5884425 0.61963148 83.588029 4.6667481
-610 12.228576 65.193823 1.5307601 0.60010885 84.101473 4.7043429
-600 11.166368 65.303239 1.473505 0.58224634 84.501203 4.7362937
-590 10.239333 65.390405 1.4138255 0.56581462 84.781544 4.7591796
-580 9.4469908 65.458292 1.3529013 0.55069276 84.936381 4.770353
-570 8.7813661 65.508996 1.2936906 0.53667092 84.959854 4.7670566
-560 8.2348932 65.544003 1.238901 0.52334712 84.846447 4.7462415
-550 7.8004946 65.564265 1.1901266 0.51019512 84.590933 4.7049064
-540 7.4661044 65.569867 1.1474154 0.4968814 84.18907 4.6415176
-530 7.1978948 65.558805 1.1096725 0.48393011 83.639809 4.5589697
-520 6.9562353 65.528066 1.0760867 0.47243619 82.943116 4.4616473
-510 6.7007117 65.474037 1.0466842 0.46398328 82.099186 4.3544385
-500 6.3897014 65.392427 1.0233252 0.46076313 81.108455 4.2429081
-490 5.9897232 65.279514 1.0120359 0.46580169 79.976801 4.1343054
-480 5.5051372 65.13667 1.025251 0.48260847 78.730856 4.0384756
-470 4.9505175 64.966791 1.0764849 0.5133386 77.402379 3.9633262
-460 4.3413801 64.773196 1.1750189 0.55803034 76.02302 3.9127632
-450 3.6943727 64.559879 1.3233801 0.61493628 74.624246 3.8862495
-440 3.0265423 64.331189 1.5174514 0.68145193 73.234395 3.8803943
-430 2.3526394 64.090212 1.744432 0.75468341 71.870022 3.892522
-420 1.6873682 63.840203 1.9874459 0.83103974 70.544576 3.9172611
-410 1.0461458 63.585156 2.229064 0.90621251 69.271269 3.9455941
-400 0.44502623 63.329846 2.4524964 0.9753244 68.063068 3.9657343
-390 -0.10146588 63.079181 2.642829 1.0336257 66.930596 3.9658919
-380 -0.58681774 62.836027 2.788737 1.0780916 65.875887 3.9396603
-370 -1.0066688 62.602719 2.8790763 1.1058186 64.898844 3.8819302
-360 -1.3567962 62.381605 2.90201 1.1133969 63.999385 3.7870837
-350 -1.6331224 62.175005 2.8454422 1.096998 63.177454 3.6491116
-340 -1.8333116 61.984638 2.702579 1.0540637 62.43209 3.4648371
-330 -1.9616084 61.809927 2.4865243 0.98785611 61.758592 3.2422764
-320 -2.0241716 61.649417 2.2166074 0.90402222 61.151424 2.9931367
-310 -2.0274763 61.501325 1.9147554 0.80945382 60.605158 2.7295354
-300 -1.9782897 61.363581 1.6086946 0.71286544 60.114453 2.4637047
-290 -1.8851159 61.233573 1.3417873 0.62681363 59.673056 2.2103288
-280 -1.7626032 61.107264 1.1856175 0.57035213 59.270855 1.9926378
-270 -1.627125 60.980111 1.1989009 0.56020191 58.896787 1.8340262
-260 -1.4952391 60.847418 1.3577128 0.59667834 58.539803 1.7476603
-250 -1.383616 60.704341 1.5793879 0.66208062 58.188859 1.728344
-240 -1.3034087 60.548446 1.7957582 0.7350099 57.837639 1.7557272
-230 -1.2434513 60.387607 1.9788986 0.80291548 57.498617 1.8113154
-220 -1.1869044 60.232623 2.1162912 0.85823334 57.188889 1.8795603
-210 -1.1168616 60.094673 2.1981268 0.89491176 56.925451 1.9464505
-200 -1.0163913 59.985208 2.2146304 0.90746761 56.725229 2.0000962
-190 -0.87534486 59.91397 2.1610121 0.89269166 56.602132 2.0344835
-180 -0.71070337 59.883401 2.0519359 0.85486978 56.558103 2.056569
-170 -0.54622719 59.893924 1.9053331 0.80012809 56.592114 2.0754988
-160 -0.40564087 59.945732 1.7346047 0.73367659 56.70316 2.0970111
-150 -0.31260456 60.03878 1.5463044 0.65910986 56.890271 2.1221003
-140 -0.28694353 60.169813 1.3433134 0.57942753 57.148906 2.1488276
-130 -0.33338663 60.323782 1.140976 0.50152559 57.46001 2.1768852
-120 -0.45281704 60.483017 0.96301976 0.43414155 57.800826 2.2030975
-110 -0.64594503 60.630339 0.83253548 0.38480233 58.148481 2.219669
-100 -0.91321229 60.749084 0.75945902 0.35633763 58.480003 2.2152373
-90 -1.2469337 60.826115 0.73445617 0.34587473 58.777313 2.1802643
-80 -1.6081768 60.861009 0.74765517 0.35027909 59.042033 2.1187328
-70 -1.9505927 60.856704 0.78757695 0.36528155 59.280575 2.0380901
-60 -2.2285749 60.816427 0.8363997 0.38435134 59.499173 1.943928
-50 -2.3976189 60.743605 0.87359466 0.39995535 59.703947 1.8388568
-40 -2.4279666 60.639929 0.88486364 0.40640504 59.900342 1.7247035
-30 -2.344102 60.500043 0.87490256 0.40444689 60.0912 1.6102598
-20 -2.1836595 60.316737 0.85295433 0.39680698 60.278939 1.5070969
-10 -1.9837699 60.082887 0.82442314 0.3855613 60.466178 1.4248506
0 -1.7807108 59.791634 0.78949736 0.37153441 60.655705 1.3680797
10 -1.604834 59.439934 0.74813992 0.35540551 60.850015 1.3357833
20 -1.466694 59.038808 0.71022995 0.34068961 61.049744 1.3258794
30 -1.3712677 58.602612 0.68462306 0.33065902 61.254822 1.3343714
40 -1.3227672 58.145497 0.67107282 0.32571939 61.464834 1.3541381
50 -1.3248376 57.68137 0.6602159 0.3229398 61.678955 1.3761444
60 -1.3761247 57.222613 0.64247694 0.31873743 61.894767 1.3934725
70 -1.4571034 56.776306 0.62219765 0.31424017 62.104834 1.4075549
80 -1.5450629 56.347987 0.60711013 0.31201061 62.300324 1.4218743
90 -1.6187228 55.94296 0.60003504 0.31298086 62.472196 1.4380921
100 -1.6579522 55.56633 0.59706535 0.31554149 62.611228 1.4552569
110 -1.6516265 55.221539 0.59215226 0.31721881 62.709056 1.4712895
120 -1.6213128 54.905982 0.5863071 0.31864253 62.761251 1.4865327
130 -1.5956524 54.615629 0.58212369 0.32091349 62.764485 1.5015978
140 -1.6024272 54.346536 0.57978465 0.32380086 62.715538 1.5162024
150 -1.668969 54.09478 0.5772702 0.32595427 62.61131 1.5296214
160 -1.81446 53.858125 0.57474584 0.32726871 62.452042 1.5429453
170 -2.0261781 53.641456 0.58081092 0.33227774 62.250732 1.5621511
180 -2.2839043 53.451806 0.60317172 0.34546296 62.023454 1.5927528
190 -2.5677589 53.296679 0.64267111 0.36810358 61.786133 1.637331
200 -2.857961 53.184071 0.69355618 0.39822697 61.554539 1.6956307
210 -3.1357886 53.120247 0.7482207 0.43299122 61.343009 1.7658767
220 -3.3868599 53.103084 0.80285569 0.47070446 61.160631 1.844408
230 -3.597495 53.128267 0.85472622 0.50851493 61.015234 1.9237665
240 -3.7535506 53.191341 0.9004804 0.54207699 60.914695 1.9930895
250 -3.8404912 53.287636 0.93635958 0.56660688 60.86695 2.0396938
260 -3.8489292 53.4123 0.96044176 0.57950481 60.876368 2.0540617
270 -3.7911023 53.560666 0.97662658 0.58422336 60.932821 2.0399725
280 -3.6848744 53.728102 0.98907316 0.5851094 61.022592 2.0045668
290 -3.5482766 53.910064 0.99974839 0.58502513 61.131942 1.9540634
300 -3.3994558 54.102216 1.0081556 0.58495399 61.247047 1.8931968
310 -3.2539361 54.300773 1.01298 0.58515545 61.354953 1.826998
320 -3.1163978 54.503317 1.0160683 0.58760692 61.446526 1.7656299
330 -2.9888012 54.707854 1.0189937 0.59282361 61.513568 1.7181734
340 -2.873122 54.912523 1.0212195 0.59866533 61.547846 1.6884425
350 -2.7713698 55.115579 1.0200132 0.60093417 61.541094 1.6737999
360 -2.6843094 55.315324 1.0120368 0.59551696 61.485405 1.6672221
370 -2.6075136 55.509879 0.99730289 0.58254813 61.374406 1.6638559
380 -2.535154 55.697327 0.97707937 0.56412426 61.2021 1.66205
390 -2.4612436 55.875749 0.95256698 0.54276205 60.96247 1.6618674
400 -2.3795807 56.043196 0.92504402 0.52105713 60.649486 1.6643521
410 -2.282951 56.19893 0.89763777 0.50196291 60.260839 1.671543
420 -2.1608139 56.3472 0.87781324 0.48914937 59.809165 1.6861896
430 -2.0013419 56.493418 0.87260011 0.48491595 59.310919 1.7093591
440 -1.792066 56.642909 0.88485179 0.48888163 58.782674 1.7398646
450 -1.5198258 56.800896 0.91204641 0.49819139 58.241142 1.7751418
460 -1.1752396 56.973092 0.94827236 0.50926395 57.705732 1.8133901
470 -0.76678864 57.16766 0.98751765 0.51961588 57.206079 1.8547455
480 -0.30855529 57.393297 1.0222852 0.52631569 56.774422 1.8977245
490 0.18389363 57.658451 1.0435486 0.52574253 56.443059 1.9388068
500 0.69336953 57.971036 1.0422601 0.51457338 56.244365 1.974123
510 1.2048472 58.334176 1.0144262 0.49289642 56.202404 2.0045095
520 1.7174466 58.73458 0.97057085 0.46889772 56.30759 2.0415042
530 2.2339175 59.154913 0.92790386 0.45253634 56.541654 2.0940925
540 2.7569161 59.57824 0.90646948 0.45146653 56.885946 2.1632646
550 3.2889492 59.988423 0.92619711 0.46902578 57.321415 2.2422332
560 3.8335329 60.371146 1.0033224 0.50533535 57.828784 2.3216005
570 4.3988885 60.716272 1.1463254 0.5600955 58.389153 2.3996159
580 4.9943647 61.015277 1.3478293 0.63028844 58.983708 2.4753154
590 5.6290819 61.260317 1.5908873 0.71073543 59.593655 2.5450776
600 6.3117684 61.444043 1.8575372 0.79586856 60.200312 2.6026601
610 7.0479061 61.561564 2.1328828 0.88126288 60.78841 2.6419373
620 7.8317626 61.616661 2.4055183 0.96472568 61.355763 2.6639915
630 8.6549869 61.615049 2.6647044 1.0444036 61.903589 2.672908
640 9.5095384 61.562219 2.8997206 1.118168 62.433242 2.6731009
650 10.387833 61.463493 3.1001643 1.183697 62.946153 2.6686415
660 11.281328 61.324429 3.2578672 1.2390448 63.444703 2.6629566
670 12.176153 61.152026 3.3713024 1.2838534 63.934878 2.6586605
680 13.058033 60.95379 3.4405586 1.3180424 64.42337 2.6579128
690 13.913929 60.737402 3.4656094 1.341337 64.916598 2.6620599
700 14.732059 60.510698 3.446319 1.3532797 65.420693 2.6714052
710 15.501849 60.281097 3.3839609 1.3536432 65.9399 2.6854579
720 16.213841 60.053911 3.2852913 1.3434145 66.471852 2.7032559
730 16.859704 59.833884 3.1581326 1.3236166 67.012388 2.7226235
740 17.432085 59.625667 3.0097861 1.2949571 67.557183 2.7403711
750 17.92441 59.433772 2.8469389 1.2579333 68.101788 2.7531036
760 18.332136 59.261144 2.6760897 1.2134391 68.638245 2.7591595
770 18.656834 59.104944 2.5047871 1.1640353 69.144879 2.760959
780 18.901361 58.960734 2.3402152 1.1126113 69.596737 2.7608525
790 19.068198 58.823891 2.1883576 1.0618627 69.969032 2.7597839
800 19.159311 58.689617 2.0535356 1.0142658 70.23713 2.7575998
810 19.17874 58.553303 1.9383901 0.97252217 70.380601 2.7553547
820 19.140541 58.411734 1.8448151 0.94023757 70.395346 2.7583134
830 19.060612 58.261967 1.772684 0.91967254 70.281406 2.7679475
840 18.954241 58.100944 1.7190529 0.91039737 70.03887 2.7796007
850 18.836382 57.92548 1.6783113 0.90907027 69.667851 2.7835789
860 18.719291 57.732785 1.6437481 0.9108767 69.171265 2.7699166
870 18.604896 57.522198 1.6112161 0.91315092 68.56321 2.7377137
880 18.492633 57.293622 1.5778593 0.9140664 67.860584 2.6876971
890 18.382039 57.047026 1.5411939 0.91153216 67.080287 2.6186879
900 18.272744 56.782487 1.4990833 0.90304559 66.239224 2.5275317
910 18.164166 56.50019 1.4509632 0.88702521 65.354048 2.4126011
920 18.054597 56.200286 1.4006848 0.8663925 64.44043 2.2827901
930 17.942067 55.883102 1.3530045 0.84551908 63.513792 2.1507751
940 17.824648 55.549257 1.3115038 0.8279358 62.589548 2.0287881
950 17.700465 55.199725 1.2776996 0.81503755 61.683095 1.9272037
960 17.56762 54.835546 1.2511065 0.80588206 60.808583 1.8547369
970 17.423941 54.456721 1.2306591 0.79925307 59.975262 1.8197726
980 17.267251 54.063148 1.2138303 0.79344647 59.191174 1.8267692
990 17.095489 53.654987 1.1961122 0.78548496 58.464378 1.8731953
1000 16.906755 53.232698 1.1714957 0.77116951 57.802954 1.9503875
1010 16.700042 52.797007 1.1350601 0.74739448 57.213864 2.0481503
1020 16.477307 52.348673 1.0888311 0.7179009 56.699573 2.1591271
1030 16.241353 51.888587 1.0375453 0.68927782 56.261411 2.2744466
1040 15.995097 51.417817 0.98598845 0.66739466 55.900695 2.3826513
1050 15.741531 50.937609 0.93801184 0.65508655 55.618719 2.470995
1060 15.484404 50.449653 0.89619256 0.65199832 55.414111 2.5292336
1070 15.230171 49.956727 0.86185558 0.65719298 55.274859 2.555438
1080 14.985525 49.461534 0.83369471 0.6660582 55.186208 2.5478952
1090 14.756615 48.966332 0.80727974 0.66937858 55.133294 2.5023895
1100 14.549056 48.472901 0.77608917 0.65528044 55.10117 2.4129532
1110 14.364163 47.982801 0.73522358 0.61537972 55.075484 2.2777635
1120 14.187825 47.498221 0.68821008 0.55722252 55.044518 2.1122905
1130 14.002499 47.02114 0.64206487 0.49689514 54.997239 1.9365709
1140 13.791019 46.553059 0.60388447 0.45347421 54.922651 1.7684751
1150 13.536435 46.095 0.57903311 0.4418994 54.809841 1.620696
1160 13.225514 45.650657 0.57076079 0.46506926 54.653558 1.5008319
1170 12.859647 45.236423 0.58170828 0.51722012 54.470587 1.4184541
1180 12.443569 44.872753 0.6096658 0.58443407 54.282799 1.3775604
1190 11.981695 44.581025 0.64724025 0.6494714 54.111676 1.3700556
1200 11.4782 44.383301 0.68483545 0.69613714 53.978493 1.3774188
1210 10.938007 44.294754 0.7148453 0.71414954 53.89871 1.3809086
1220 10.369695 44.301652 0.73656023 0.70840249 53.864588 1.3778315
1230 9.7828916 44.382715 0.75118139 0.68814724 53.862813 1.3731666
1240 9.1874465 44.516596 0.75912857 0.66126405 53.880097 1.371521
1250 8.5934968 44.682164 0.75956587 0.63235044 53.90294 1.3739412
1260 8.0115492 44.858877 0.7515024 0.60321907 53.91756 1.3782663
1270 7.452607 45.027484 0.73675558 0.57736018 53.91005 1.3830503
1280 6.9280589 45.169311 0.71745847 0.55756611 53.866173 1.3857761
1290 6.4496433 45.265881 0.69459757 0.54301492 53.771372 1.3813145
1300 6.029441 45.298627 0.66786053 0.52892957 53.610913 1.3625404
1310 5.677484 45.257375 0.63712102 0.51001275 53.376639 1.3248081
1320 5.3944605 45.16696 0.60612959 0.48767979 53.086754 1.2752347
1330 5.1786058 45.061346 0.57997096 0.46621663 52.766111 1.2243737
1340 5.0281259 44.97525 0.56295837 0.44903852 52.439501 1.1809827
1350 4.9412844 44.944283 0.55763473 0.43739018 52.131656 1.1499932
1360 4.91522 45.00083 0.56516314 0.43224241 51.864142 1.1330131
1370 4.9421585 45.161668 0.58653767 0.43807248 51.645744 1.1321366
1380 5.0131107 45.439199 0.62003431 0.45726749 51.482599 1.1483079
1390 5.119089 45.845114 0.66044202 0.48685367 51.381673 1.179655
1400 5.2510541 46.390114 0.70026797 0.52015432 51.350942 1.2223154
1410 5.4010257 47.076812 0.73250515 0.55133849 51.39523 1.2738699
1420 5.5656128 47.879751 0.7552137 0.57936726 51.502651 1.336771
1430 5.7424919 48.767008 0.76794721 0.60279547 51.656318 1.4120113
1440 5.9291819 49.707776 0.76980802 0.61829584 51.838109 1.4965764
1450 6.1229901 50.672879 0.75910616 0.62170235 52.028379 1.5843061
1460 6.3207377 51.63636 0.73459672 0.61060969 52.207305 1.6690326
1470 6.5180107 52.579183 0.69940718 0.58794063 52.359457 1.7482416
1480 6.7097113 53.484876 0.65804105 0.55737565 52.469745 1.8190333
1490 6.8902117 54.338016 0.61446487 0.52157119 52.522099 1.8766875
1500 7.0533021 55.123982 0.57121477 0.48234203 52.499625 1.9153426
1510 7.1934412 55.833317 0.5294187 0.4424597 52.389263 1.9317113
1520 7.3098473 56.475139 0.49117731 0.40805883 52.19581 1.9315238
1530 7.4030475 57.062334 0.45875233 0.38360558 51.929194 1.9200844
1540 7.4736435 57.607002 0.4324529 0.36910551 51.599966 1.8983996
1550 7.5223086 58.120683 0.40934465 0.36067348 51.219184 1.8631581
1560 7.5468977 58.615109 0.38488063 0.35494049 50.800011 1.8107073
1570 7.5332523 59.103946 0.35942927 0.35412373 50.362717 1.7458973
1580 7.4628516 59.601 0.33621329 0.35990136 49.929681 1.674236
1590 7.3154063 60.119548 0.31763025 0.37079526 49.52375 1.5973519
1600 7.0686933 60.672098 0.30262125 0.38347372 49.168282 1.5123661
1610 6.7004531 61.264457 0.28696518 0.39646031 48.878878 1.4167922
1620 6.1948502 61.879342 0.26942966 0.41330599 48.637965 1.3219687
1630 5.5370994 62.493997 0.25151013 0.43612487 48.419154 1.2448477
1640 4.7117133 63.085982 0.23446723 0.46344935 48.195519 1.1994067
1650 3.702832 63.63306 0.21720725 0.49147175 47.939679 1.1904596
1660 2.4984225 64.116353 0.19650491 0.51675206 47.629953 1.2122831
1670 1.1027352 64.530416 0.17196087 0.53902087 47.268632 1.2547019
1680 -0.47280222 64.872479 0.14626713 0.55797096 46.864161 1.3053341
1690 -2.2124297 65.139189 0.12291187 0.57195603 46.425091 1.3494255
1700 -4.0955608 65.326981 0.10344043 0.57807094 45.96 1.3707757
1710 -6.0952077 65.433039 0.085900023 0.57348633 45.481593 1.3559803
1720 -8.1727428 65.457593 0.070018304 0.55882383 45.019081 1.3049517
1730 -10.280448 65.40331 0.059141014 0.53542835 44.605466 1.2222245
1740 -12.364139 65.275736 0.055702071 0.50398444 44.273218 1.1122734
1750 -14.365769 65.084032 0.05596249 0.46428872 44.054143 0.97832845
1760 -16.224363 64.839758 0.054348613 0.41614137 43.969474 0.82367342
1770 -17.87484 64.551755 0.052066557 0.36255485 44.00032 0.65851432
1780 -19.261678 64.229184 0.052101034 0.30804336 44.11729 0.49677644
1790 -20.341605 63.881474 0.053631735 0.25706918 44.290635 0.3540712
1800 -21.081596 63.516932 0.052072415 0.21246117 44.490601 0.24611121
1810 -21.468659 63.140924 0.043486836 0.17360849 44.689113 0.17972847
1820 -21.543063 62.753042 0.030620099 0.13819983 44.864125 0.1432223
1830 -21.355014 62.349274 0.020853532 0.10570671 44.995825 0.12175161
1840 -20.950842 61.923454 0.022462964 0.07746823 45.065094 0.10594585
1850 -20.372892 61.467852 0.028624941 0.055917109 45.053271 0.092150048
1860 -19.656593 60.977218 0.031961849 0.042605656 44.950046 0.079702914
1870 -18.822206 60.460786 0.035030646 0.037064523 44.777351 0.070885955
1880 -17.885594 59.932586 0.040336114 0.037676413 44.564832 0.067936206
1890 -16.861798 59.408298 0.04639751 0.041018591 44.341654 0.068645111
1900 -15.765273 58.905483 0.050260159 0.043335147 44.136411 0.068372875
