-500	10.36	58.77	9.55	3.08	96.66	17.10
-499	10.39	58.76	9.57	3.10	96.68	17.11
-498	10.41	58.75	9.57	3.11	96.69	17.11
-497	10.42	58.75	9.57	3.11	96.68	17.14
-496	10.43	58.75	9.58	3.11	96.69	17.14
-495	10.42	58.74	9.60	3.13	96.69	17.15
-494	10.43	58.74	9.60	3.13	96.69	17.16
-493	10.43	58.74	9.58	3.13	96.68	17.17
-492	10.46	58.74	9.58	3.14	96.69	17.17
-491	10.48	58.73	9.58	3.15	96.69	17.18
-490	10.47	58.73	9.56	3.16	96.69	17.19
-489	10.49	58.73	9.58	3.16	96.70	17.21
-488	10.51	58.73	9.59	3.17	96.72	17.22
-487	10.50	58.72	9.62	3.17	96.71	17.23
-486	10.50	58.72	9.64	3.19	96.72	17.25
-485	10.50	58.71	9.67	3.21	96.73	17.29
-484	10.49	58.71	9.67	3.21	96.72	17.31
-483	10.48	58.70	9.68	3.22	96.72	17.32
-482	10.52	58.70	9.71	3.22	96.73	17.34
-481	10.53	58.69	9.71	3.23	96.73	17.37
-480	10.50	58.69	9.71	3.24	96.73	17.38
-479	10.48	58.69	9.72	3.25	96.73	17.37
-478	10.48	58.68	9.71	3.26	96.75	17.37
-477	10.51	58.68	9.75	3.28	96.74	17.38
-476	10.50	58.68	9.77	3.28	96.75	17.39
-475	10.47	58.68	9.77	3.29	96.77	17.41
-474	10.49	58.67	9.78	3.29	96.78	17.45
-473	10.50	58.67	9.79	3.30	96.80	17.43
-472	10.50	58.67	9.80	3.31	96.79	17.46
-471	10.50	58.67	9.82	3.32	96.79	17.47
-470	10.49	58.68	9.84	3.32	96.81	17.47
-469	10.50	58.67	9.83	3.33	96.81	17.50
-468	10.49	58.66	9.85	3.33	96.79	17.51
-467	10.50	58.66	9.85	3.35	96.76	17.55
-466	10.50	58.67	9.87	3.36	96.76	17.56
-465	10.52	58.66	9.88	3.38	96.76	17.54
-464	10.50	58.66	9.90	3.39	96.74	17.55
-463	10.51	58.65	9.89	3.40	96.72	17.55
-462	10.50	58.64	9.89	3.40	96.73	17.53
-461	10.50	58.64	9.91	3.42	96.72	17.55
-460	10.49	58.63	9.93	3.44	96.71	17.60
-459	10.49	58.63	9.96	3.46	96.69	17.58
-458	10.47	58.62	9.97	3.48	96.70	17.59
-457	10.48	58.62	9.98	3.49	96.70	17.58
-456	10.47	58.62	10.00	3.51	96.71	17.55
-455	10.49	58.62	10.02	3.52	96.69	17.53
-454	10.48	58.61	10.02	3.54	96.69	17.56
-453	10.48	58.61	10.03	3.56	96.70	17.57
-452	10.48	58.60	10.04	3.56	96.71	17.58
-451	10.48	58.60	10.05	3.58	96.71	17.59
-450	10.50	58.59	10.06	3.61	96.72	17.61
-449	10.50	58.59	10.06	3.62	96.70	17.63
-448	10.48	58.59	10.06	3.63	96.68	17.65
-447	10.49	58.58	10.06	3.65	96.67	17.64
-446	10.48	58.58	10.07	3.66	96.68	17.67
-445	10.47	58.58	10.07	3.67	96.64	17.69
-444	10.49	58.57	10.07	3.69	96.66	17.69
-443	10.51	58.56	10.09	3.70	96.60	17.70
-442	10.51	58.55	10.10	3.72	96.56	17.72
-441	10.49	58.54	10.10	3.74	96.56	17.73
-440	10.48	58.54	10.10	3.74	96.56	17.73
-439	10.48	58.54	10.11	3.75	96.57	17.75
-438	10.46	58.54	10.11	3.77	96.56	17.71
-437	10.47	58.54	10.11	3.78	96.54	17.70
-436	10.46	58.54	10.12	3.80	96.52	17.72
-435	10.43	58.54	10.14	3.82	96.53	17.72
-434	10.40	58.54	10.15	3.82	96.51	17.74
-433	10.38	58.53	10.16	3.84	96.53	17.72
-432	10.38	58.52	10.16	3.85	96.49	17.71
-431	10.37	58.52	10.15	3.86	96.49	17.70
-430	10.38	58.52	10.18	3.89	96.49	17.70
-429	10.36	58.52	10.15	3.90	96.48	17.72
-428	10.36	58.51	10.16	3.92	96.44	17.73
-427	10.33	58.51	10.16	3.93	96.41	17.74
-426	10.30	58.51	10.16	3.95	96.38	17.74
-425	10.29	58.51	10.18	3.96	96.36	17.75
-424	10.29	58.49	10.21	3.98	96.35	17.76
-423	10.29	58.49	10.22	4.00	96.34	17.76
-422	10.29	58.49	10.22	4.01	96.32	17.74
-421	10.28	58.49	10.23	4.03	96.28	17.74
-420	10.27	58.48	10.25	4.04	96.24	17.78
-419	10.26	58.47	10.26	4.06	96.24	17.78
-418	10.25	58.47	10.28	4.08	96.24	17.77
-417	10.24	58.47	10.28	4.10	96.21	17.77
-416	10.24	58.46	10.29	4.12	96.20	17.79
-415	10.20	58.45	10.29	4.13	96.18	17.80
-414	10.20	58.45	10.30	4.14	96.16	17.82
-413	10.21	58.44	10.31	4.16	96.15	17.82
-412	10.20	58.44	10.32	4.17	96.12	17.82
-411	10.20	58.44	10.34	4.19	96.07	17.81
-410	10.17	58.44	10.35	4.21	96.04	17.80
-409	10.17	58.43	10.36	4.23	96.02	17.78
-408	10.15	58.43	10.37	4.24	96.02	17.77
-407	10.13	58.43	10.39	4.26	95.97	17.78
-406	10.13	58.41	10.42	4.28	95.94	17.77
-405	10.09	58.42	10.43	4.30	95.93	17.76
-404	10.06	58.41	10.44	4.33	95.92	17.75
-403	10.05	58.40	10.46	4.35	95.88	17.74
-402	10.01	58.40	10.47	4.37	95.85	17.74
-401	10.01	58.40	10.49	4.39	95.82	17.75
-400	10.00	58.39	10.49	4.41	95.81	17.77
-399	9.99	58.37	10.51	4.43	95.79	17.78
-398	9.98	58.37	10.52	4.45	95.77	17.77
-397	9.95	58.36	10.53	4.47	95.76	17.78
-396	9.94	58.36	10.56	4.49	95.73	17.76
-395	9.94	58.34	10.57	4.50	95.70	17.76
-394	9.92	58.34	10.58	4.52	95.66	17.75
-393	9.88	58.34	10.59	4.54	95.64	17.74
-392	9.86	58.33	10.61	4.55	95.59	17.73
-391	9.84	58.33	10.63	4.57	95.56	17.72
-390	9.81	58.33	10.64	4.58	95.52	17.71
-389	9.79	58.32	10.64	4.60	95.48	17.70
-388	9.80	58.32	10.65	4.60	95.45	17.68
-387	9.77	58.32	10.67	4.61	95.41	17.69
-386	9.78	58.32	10.68	4.63	95.37	17.67
-385	9.75	58.32	10.69	4.64	95.35	17.69
-384	9.73	58.32	10.70	4.66	95.31	17.75
-383	9.72	58.32	10.71	4.68	95.28	17.74
-382	9.72	58.32	10.71	4.71	95.26	17.76
-381	9.71	58.31	10.70	4.72	95.24	17.74
-380	9.70	58.30	10.71	4.75	95.22	17.72
-379	9.70	58.30	10.71	4.77	95.20	17.70
-378	9.67	58.29	10.71	4.79	95.17	17.68
-377	9.65	58.30	10.71	4.81	95.11	17.65
-376	9.64	58.30	10.72	4.82	95.07	17.64
-375	9.60	58.28	10.71	4.85	95.05	17.63
-374	9.58	58.28	10.71	4.87	95.02	17.63
-373	9.56	58.27	10.74	4.90	95.01	17.61
-372	9.55	58.26	10.74	4.92	94.99	17.64
-371	9.53	58.26	10.72	4.95	94.94	17.62
-370	9.52	58.26	10.73	4.96	94.88	17.60
-369	9.50	58.26	10.73	4.98	94.85	17.60
-368	9.48	58.25	10.73	4.99	94.81	17.63
-367	9.44	58.25	10.74	5.01	94.79	17.67
-366	9.42	58.25	10.75	5.03	94.75	17.69
-365	9.39	58.24	10.76	5.05	94.73	17.69
-364	9.37	58.24	10.78	5.05	94.70	17.71
-363	9.36	58.23	10.78	5.07	94.67	17.70
-362	9.34	58.23	10.78	5.09	94.64	17.69
-361	9.30	58.23	10.79	5.11	94.61	17.68
-360	9.27	58.23	10.79	5.12	94.55	17.69
-359	9.24	58.23	10.81	5.14	94.52	17.71
-358	9.20	58.22	10.81	5.17	94.50	17.69
-357	9.16	58.21	10.81	5.18	94.43	17.70
-356	9.12	58.21	10.81	5.19	94.41	17.68
-355	9.10	58.20	10.80	5.21	94.38	17.67
-354	9.06	58.20	10.81	5.24	94.33	17.66
-353	9.03	58.20	10.81	5.26	94.28	17.65
-352	8.99	58.18	10.82	5.28	94.26	17.62
-351	8.96	58.18	10.82	5.29	94.21	17.61
-350	8.95	58.17	10.83	5.31	94.19	17.62
-349	8.92	58.17	10.83	5.32	94.14	17.63
-348	8.91	58.17	10.83	5.34	94.08	17.63
-347	8.87	58.17	10.83	5.36	94.02	17.64
-346	8.86	58.17	10.82	5.38	93.96	17.62
-345	8.84	58.17	10.82	5.40	93.92	17.66
-344	8.81	58.17	10.83	5.41	93.87	17.65
-343	8.77	58.18	10.84	5.43	93.83	17.64
-342	8.73	58.17	10.83	5.44	93.78	17.63
-341	8.72	58.17	10.85	5.46	93.74	17.64
-340	8.70	58.16	10.84	5.49	93.69	17.66
-339	8.67	58.15	10.85	5.51	93.64	17.66
-338	8.64	58.14	10.87	5.54	93.58	17.65
-337	8.62	58.13	10.86	5.57	93.54	17.62
-336	8.59	58.13	10.85	5.59	93.50	17.66
-335	8.57	58.12	10.85	5.61	93.46	17.67
-334	8.55	58.12	10.83	5.63	93.44	17.65
-333	8.53	58.12	10.84	5.65	93.40	17.64
-332	8.50	58.12	10.84	5.66	93.36	17.63
-331	8.48	58.12	10.82	5.68	93.31	17.62
-330	8.46	58.12	10.81	5.70	93.27	17.61
-329	8.43	58.11	10.80	5.72	93.19	17.62
-328	8.43	58.10	10.81	5.74	93.15	17.63
-327	8.39	58.09	10.81	5.76	93.09	17.60
-326	8.37	58.08	10.82	5.79	93.04	17.59
-325	8.34	58.07	10.83	5.82	93.01	17.60
-324	8.30	58.06	10.82	5.84	92.95	17.60
-323	8.27	58.06	10.81	5.86	92.92	17.58
-322	8.23	58.05	10.80	5.88	92.89	17.57
-321	8.20	58.04	10.79	5.90	92.86	17.54
-320	8.17	58.04	10.77	5.93	92.81	17.55
-319	8.12	58.03	10.77	5.95	92.77	17.60
-318	8.09	58.02	10.77	5.97	92.72	17.59
-317	8.05	58.02	10.76	6.00	92.67	17.60
-316	8.03	58.02	10.77	6.02	92.64	17.59
-315	8.01	58.00	10.75	6.04	92.59	17.58
-314	7.96	58.00	10.76	6.06	92.54	17.59
-313	7.93	58.01	10.76	6.08	92.47	17.62
-312	7.90	58.00	10.75	6.10	92.44	17.61
-311	7.88	57.99	10.75	6.12	92.39	17.61
-310	7.85	57.97	10.75	6.15	92.35	17.61
-309	7.81	57.96	10.74	6.17	92.30	17.61
-308	7.78	57.96	10.75	6.19	92.25	17.60
-307	7.75	57.95	10.74	6.20	92.23	17.60
-306	7.72	57.95	10.72	6.22	92.17	17.64
-305	7.70	57.94	10.71	6.24	92.12	17.63
-304	7.67	57.93	10.71	6.27	92.10	17.62
-303	7.64	57.93	10.70	6.29	92.05	17.63
-302	7.61	57.91	10.70	6.31	92.00	17.65
-301	7.60	57.90	10.70	6.33	91.93	17.67
-300	7.57	57.89	10.69	6.35	91.88	17.67
-299	7.54	57.89	10.68	6.37	91.83	17.66
-298	7.50	57.89	10.68	6.40	91.77	17.65
-297	7.48	57.88	10.67	6.41	91.73	17.67
-296	7.45	57.87	10.66	6.44	91.69	17.67
-295	7.41	57.86	10.65	6.47	91.64	17.68
-294	7.39	57.86	10.64	6.50	91.59	17.65
-293	7.36	57.86	10.63	6.52	91.54	17.64
-292	7.32	57.85	10.63	6.54	91.49	17.64
-291	7.29	57.83	10.62	6.56	91.44	17.64
-290	7.26	57.83	10.62	6.58	91.41	17.64
-289	7.23	57.84	10.61	6.58	91.36	17.63
-288	7.19	57.84	10.59	6.60	91.31	17.66
-287	7.15	57.83	10.58	6.62	91.26	17.67
-286	7.10	57.83	10.57	6.65	91.20	17.67
-285	7.07	57.83	10.56	6.67	91.15	17.66
-284	7.02	57.83	10.55	6.70	91.11	17.67
-283	6.98	57.81	10.54	6.72	91.05	17.66
-282	6.94	57.80	10.53	6.75	91.02	17.67
-281	6.91	57.80	10.51	6.77	90.95	17.66
-280	6.87	57.79	10.50	6.79	90.90	17.66
-279	6.83	57.79	10.48	6.81	90.84	17.65
-278	6.79	57.80	10.47	6.83	90.78	17.67
-277	6.75	57.79	10.46	6.85	90.73	17.66
-276	6.70	57.78	10.45	6.88	90.68	17.67
-275	6.66	57.77	10.45	6.90	90.64	17.67
-274	6.62	57.77	10.44	6.91	90.60	17.63
-273	6.60	57.76	10.43	6.93	90.55	17.61
-272	6.56	57.74	10.42	6.94	90.51	17.62
-271	6.53	57.73	10.42	6.96	90.45	17.65
-270	6.50	57.72	10.42	6.98	90.38	17.68
-269	6.47	57.70	10.41	6.98	90.32	17.69
-268	6.44	57.69	10.40	7.00	90.27	17.69
-267	6.41	57.68	10.40	7.01	90.21	17.68
-266	6.38	57.67	10.38	7.01	90.17	17.68
-265	6.34	57.66	10.37	7.03	90.11	17.68
-264	6.31	57.65	10.36	7.04	90.05	17.65
-263	6.27	57.64	10.34	7.06	90.02	17.65
-262	6.23	57.63	10.33	7.08	89.93	17.66
-261	6.20	57.62	10.32	7.09	89.87	17.66
-260	6.18	57.62	10.31	7.11	89.81	17.65
-259	6.16	57.60	10.29	7.13	89.77	17.64
-258	6.11	57.59	10.28	7.15	89.71	17.63
-257	6.06	57.58	10.27	7.16	89.65	17.63
-256	6.03	57.57	10.26	7.18	89.60	17.62
-255	6.00	57.57	10.24	7.20	89.56	17.62
-254	5.98	57.57	10.24	7.22	89.49	17.60
-253	5.96	57.56	10.23	7.24	89.42	17.59
-252	5.92	57.55	10.21	7.25	89.35	17.59
-251	5.90	57.54	10.21	7.26	89.28	17.60
-250	5.85	57.53	10.20	7.28	89.23	17.60
-249	5.80	57.52	10.18	7.30	89.15	17.56
-248	5.79	57.50	10.18	7.31	89.10	17.52
-247	5.75	57.49	10.16	7.35	89.04	17.54
-246	5.71	57.47	10.15	7.36	88.98	17.54
-245	5.69	57.46	10.12	7.37	88.90	17.58
-244	5.66	57.46	10.10	7.38	88.84	17.59
-243	5.63	57.45	10.09	7.40	88.82	17.57
-242	5.60	57.43	10.07	7.41	88.75	17.59
-241	5.57	57.43	10.04	7.42	88.70	17.58
-240	5.53	57.43	10.03	7.44	88.63	17.54
-239	5.48	57.43	10.02	7.46	88.57	17.55
-238	5.46	57.41	9.99	7.47	88.50	17.54
-237	5.44	57.40	9.99	7.49	88.42	17.53
-236	5.42	57.40	9.97	7.51	88.36	17.52
-235	5.39	57.39	9.95	7.54	88.28	17.50
-234	5.36	57.37	9.92	7.55	88.23	17.50
-233	5.35	57.36	9.89	7.56	88.16	17.49
-232	5.31	57.34	9.88	7.57	88.10	17.49
-231	5.29	57.32	9.87	7.59	88.00	17.44
-230	5.26	57.33	9.87	7.60	87.95	17.46
-229	5.24	57.32	9.86	7.61	87.88	17.47
-228	5.20	57.32	9.85	7.61	87.82	17.48
-227	5.16	57.31	9.84	7.62	87.77	17.47
-226	5.15	57.29	9.82	7.65	87.72	17.45
-225	5.14	57.28	9.80	7.67	87.67	17.45
-224	5.11	57.27	9.76	7.68	87.64	17.47
-223	5.09	57.26	9.75	7.70	87.59	17.47
-222	5.06	57.25	9.74	7.71	87.53	17.48
-221	5.04	57.24	9.73	7.71	87.44	17.48
-220	5.02	57.22	9.72	7.72	87.36	17.47
-219	4.98	57.21	9.70	7.74	87.28	17.46
-218	4.96	57.19	9.69	7.75	87.24	17.46
-217	4.92	57.18	9.67	7.76	87.17	17.43
-216	4.89	57.16	9.66	7.77	87.11	17.43
-215	4.87	57.15	9.63	7.77	87.04	17.40
-214	4.84	57.13	9.61	7.78	86.99	17.40
-213	4.81	57.13	9.59	7.79	86.92	17.42
-212	4.80	57.12	9.56	7.80	86.85	17.43
-211	4.78	57.11	9.55	7.82	86.77	17.44
-210	4.75	57.10	9.53	7.83	86.71	17.44
-209	4.73	57.08	9.53	7.84	86.64	17.41
-208	4.70	57.06	9.52	7.85	86.57	17.45
-207	4.67	57.05	9.52	7.87	86.53	17.47
-206	4.65	57.03	9.50	7.89	86.47	17.42
-205	4.61	57.01	9.49	7.90	86.43	17.40
-204	4.59	57.00	9.47	7.91	86.35	17.39
-203	4.55	56.99	9.44	7.92	86.30	17.40
-202	4.53	56.99	9.43	7.93	86.24	17.38
-201	4.52	56.99	9.42	7.94	86.17	17.35
-200	4.49	56.97	9.40	7.96	86.11	17.36
-199	4.46	56.96	9.38	7.96	86.06	17.36
-198	4.44	56.94	9.34	7.97	86.02	17.35
-197	4.41	56.93	9.31	7.98	85.96	17.33
-196	4.38	56.91	9.29	7.99	85.90	17.33
-195	4.34	56.89	9.26	8.00	85.87	17.34
-194	4.29	56.88	9.24	8.02	85.81	17.33
-193	4.25	56.86	9.21	8.03	85.76	17.27
-192	4.22	56.84	9.18	8.04	85.69	17.29
-191	4.18	56.83	9.17	8.05	85.62	17.29
-190	4.13	56.81	9.16	8.05	85.56	17.27
-189	4.10	56.80	9.14	8.05	85.51	17.25
-188	4.06	56.79	9.13	8.06	85.43	17.23
-187	4.03	56.78	9.11	8.06	85.35	17.24
-186	4.00	56.77	9.09	8.08	85.29	17.27
-185	3.98	56.76	9.06	8.09	85.24	17.26
-184	3.94	56.74	9.04	8.10	85.17	17.25
-183	3.91	56.73	9.02	8.11	85.10	17.24
-182	3.89	56.71	9.00	8.12	85.03	17.21
-181	3.87	56.70	8.98	8.13	84.96	17.20
-180	3.84	56.69	8.96	8.14	84.90	17.20
-179	3.81	56.68	8.93	8.15	84.83	17.19
-178	3.78	56.67	8.90	8.15	84.75	17.18
-177	3.76	56.66	8.87	8.16	84.68	17.19
-176	3.73	56.65	8.83	8.17	84.63	17.15
-175	3.69	56.65	8.82	8.17	84.54	17.13
-174	3.67	56.63	8.80	8.18	84.45	17.12
-173	3.66	56.61	8.78	8.20	84.37	17.14
-172	3.62	56.60	8.75	8.20	84.30	17.13
-171	3.59	56.59	8.73	8.21	84.19	17.14
-170	3.56	56.57	8.70	8.22	84.10	17.14
-169	3.51	56.56	8.66	8.22	84.04	17.11
-168	3.48	56.54	8.64	8.22	84.00	17.14
-167	3.44	56.52	8.61	8.23	83.96	17.14
-166	3.40	56.51	8.59	8.22	83.86	17.14
-165	3.36	56.50	8.58	8.22	83.78	17.13
-164	3.34	56.49	8.53	8.23	83.71	17.12
-163	3.32	56.47	8.50	8.23	83.66	17.10
-162	3.28	56.46	8.46	8.23	83.57	17.07
-161	3.26	56.44	8.44	8.23	83.48	17.07
-160	3.23	56.44	8.43	8.25	83.40	17.06
-159	3.19	56.43	8.40	8.25	83.35	17.03
-158	3.16	56.42	8.36	8.25	83.30	17.01
-157	3.14	56.41	8.34	8.25	83.23	17.01
-156	3.11	56.38	8.35	8.26	83.17	17.01
-155	3.08	56.36	8.32	8.26	83.13	16.99
-154	3.05	56.35	8.31	8.27	83.08	17.00
-153	3.01	56.35	8.26	8.27	83.00	17.00
-152	2.98	56.34	8.23	8.27	82.91	16.96
-151	2.95	56.33	8.19	8.26	82.85	16.97
-150	2.91	56.32	8.17	8.26	82.78	16.98
-149	2.89	56.31	8.14	8.28	82.70	16.98
-148	2.85	56.31	8.11	8.28	82.61	16.95
-147	2.82	56.29	8.10	8.27	82.51	16.95
-146	2.78	56.28	8.07	8.28	82.43	16.95
-145	2.74	56.27	8.03	8.27	82.35	16.90
-144	2.71	56.26	8.01	8.28	82.27	16.90
-143	2.68	56.24	7.98	8.28	82.19	16.91
-142	2.65	56.23	7.96	8.27	82.11	16.92
-141	2.63	56.23	7.91	8.26	82.02	16.92
-140	2.60	56.21	7.89	8.26	81.96	16.92
-139	2.59	56.21	7.87	8.26	81.87	16.93
-138	2.56	56.20	7.85	8.25	81.81	16.93
-137	2.53	56.19	7.82	8.25	81.73	16.95
-136	2.50	56.18	7.79	8.25	81.64	16.95
-135	2.47	56.17	7.77	8.26	81.56	16.95
-134	2.44	56.15	7.75	8.26	81.48	16.95
-133	2.41	56.15	7.72	8.26	81.39	16.96
-132	2.37	56.13	7.69	8.25	81.29	16.97
-131	2.34	56.12	7.66	8.25	81.22	16.96
-130	2.31	56.10	7.64	8.25	81.15	16.98
-129	2.28	56.09	7.62	8.25	81.10	16.96
-128	2.24	56.09	7.59	8.24	81.02	16.97
-127	2.21	56.07	7.56	8.23	80.94	16.94
-126	2.19	56.05	7.55	8.22	80.88	16.93
-125	2.17	56.05	7.51	8.21	80.81	16.92
-124	2.13	56.04	7.50	8.21	80.73	16.92
-123	2.10	56.03	7.46	8.20	80.66	16.92
-122	2.08	56.02	7.44	8.21	80.60	16.92
-121	2.05	56.01	7.41	8.22	80.50	16.90
-120	2.02	56.01	7.38	8.21	80.44	16.88
-119	1.99	55.99	7.35	8.20	80.35	16.86
-118	1.97	55.98	7.32	8.19	80.27	16.86
-117	1.93	55.97	7.29	8.19	80.21	16.87
-116	1.91	55.96	7.26	8.19	80.14	16.86
-115	1.90	55.95	7.23	8.19	80.06	16.84
-114	1.85	55.94	7.22	8.19	79.98	16.82
-113	1.82	55.94	7.18	8.18	79.90	16.80
-112	1.78	55.93	7.16	8.16	79.83	16.77
-111	1.75	55.92	7.14	8.16	79.74	16.76
-110	1.72	55.91	7.10	8.15	79.64	16.75
-109	1.69	55.90	7.07	8.14	79.56	16.73
-108	1.65	55.89	7.04	8.13	79.48	16.69
-107	1.62	55.88	7.01	8.12	79.40	16.66
-106	1.60	55.87	6.99	8.11	79.33	16.66
-105	1.57	55.87	6.96	8.10	79.24	16.61
-104	1.54	55.86	6.92	8.10	79.17	16.61
-103	1.52	55.85	6.90	8.10	79.13	16.62
-102	1.50	55.84	6.87	8.09	79.05	16.63
-101	1.46	55.83	6.85	8.08	78.96	16.63
-100	1.43	55.83	6.83	8.07	78.89	16.62
-99	1.41	55.82	6.82	8.07	78.83	16.62
-98	1.39	55.80	6.79	8.06	78.75	16.60
-97	1.36	55.80	6.76	8.05	78.69	16.62
-96	1.31	55.78	6.74	8.03	78.61	16.63
-95	1.29	55.77	6.71	8.03	78.56	16.62
-94	1.26	55.76	6.69	8.02	78.48	16.61
-93	1.21	55.76	6.66	8.01	78.41	16.56
-92	1.17	55.75	6.63	8.00	78.34	16.51
-91	1.13	55.74	6.62	7.99	78.24	16.49
-90	1.09	55.74	6.58	7.97	78.15	16.46
-89	1.07	55.73	6.55	7.96	78.10	16.42
-88	1.03	55.72	6.52	7.94	78.01	16.39
-87	0.99	55.70	6.50	7.93	77.97	16.38
-86	0.96	55.70	6.48	7.92	77.87	16.40
-85	0.92	55.69	6.46	7.90	77.83	16.43
-84	0.89	55.68	6.43	7.89	77.76	16.38
-83	0.86	55.67	6.41	7.88	77.68	16.37
-82	0.84	55.65	6.38	7.86	77.62	16.33
-81	0.81	55.65	6.36	7.84	77.52	16.32
-80	0.78	55.64	6.33	7.82	77.47	16.33
-79	0.75	55.63	6.31	7.80	77.41	16.34
-78	0.72	55.62	6.30	7.79	77.34	16.33
-77	0.68	55.61	6.27	7.76	77.30	16.31
-76	0.65	55.60	6.24	7.74	77.23	16.29
-75	0.62	55.59	6.21	7.72	77.17	16.27
-74	0.59	55.58	6.18	7.71	77.08	16.24
-73	0.57	55.57	6.15	7.69	77.00	16.19
-72	0.55	55.56	6.11	7.67	76.91	16.18
-71	0.52	55.56	6.09	7.65	76.83	16.17
-70	0.49	55.56	6.05	7.62	76.75	16.14
-69	0.45	55.55	6.03	7.61	76.67	16.11
-68	0.41	55.54	6.00	7.59	76.61	16.11
-67	0.38	55.53	5.97	7.57	76.54	16.09
-66	0.34	55.53	5.94	7.55	76.48	16.08
-65	0.32	55.52	5.91	7.53	76.40	16.05
-64	0.28	55.50	5.89	7.51	76.32	16.01
-63	0.25	55.50	5.86	7.49	76.24	16.02
-62	0.22	55.50	5.83	7.46	76.17	15.98
-61	0.18	55.48	5.82	7.45	76.11	15.96
-60	0.15	55.48	5.80	7.42	76.04	15.95
-59	0.12	55.47	5.76	7.40	75.94	15.95
-58	0.09	55.46	5.72	7.38	75.88	15.93
-57	0.05	55.46	5.69	7.36	75.79	15.88
-56	0.02	55.46	5.66	7.33	75.71	15.87
-55	-0.01	55.46	5.63	7.31	75.62	15.84
-54	-0.05	55.44	5.61	7.28	75.55	15.81
-53	-0.07	55.43	5.57	7.26	75.47	15.77
-52	-0.09	55.43	5.54	7.24	75.39	15.75
-51	-0.11	55.43	5.52	7.21	75.30	15.72
-50	-0.14	55.42	5.50	7.19	75.24	15.72
-49	-0.15	55.42	5.48	7.17	75.15	15.70
-48	-0.18	55.41	5.44	7.16	75.07	15.68
-47	-0.21	55.41	5.42	7.12	74.98	15.69
-46	-0.26	55.40	5.40	7.10	74.91	15.68
-45	-0.30	55.40	5.38	7.07	74.85	15.65
-44	-0.33	55.39	5.35	7.05	74.77	15.64
-43	-0.36	55.39	5.34	7.03	74.68	15.62
-42	-0.37	55.38	5.30	7.00	74.60	15.62
-41	-0.40	55.37	5.28	6.97	74.51	15.58
-40	-0.42	55.37	5.23	6.95	74.43	15.57
-39	-0.44	55.36	5.20	6.92	74.37	15.59
-38	-0.46	55.36	5.17	6.90	74.29	15.58
-37	-0.49	55.36	5.15	6.87	74.20	15.57
-36	-0.52	55.36	5.12	6.84	74.15	15.59
-35	-0.54	55.35	5.08	6.81	74.06	15.56
-34	-0.55	55.35	5.05	6.77	73.98	15.56
-33	-0.57	55.35	5.02	6.74	73.93	15.55
-32	-0.59	55.35	5.00	6.71	73.87	15.51
-31	-0.61	55.34	4.97	6.67	73.81	15.47
-30	-0.64	55.33	4.95	6.64	73.75	15.45
-29	-0.66	55.33	4.92	6.61	73.69	15.44
-28	-0.69	55.33	4.90	6.58	73.62	15.40
-27	-0.71	55.32	4.87	6.55	73.52	15.37
-26	-0.75	55.32	4.85	6.52	73.45	15.34
-25	-0.77	55.32	4.81	6.48	73.38	15.31
-24	-0.80	55.32	4.79	6.46	73.31	15.29
-23	-0.83	55.32	4.76	6.42	73.24	15.27
-22	-0.85	55.32	4.74	6.39	73.18	15.23
-21	-0.88	55.32	4.71	6.36	73.14	15.18
-20	-0.91	55.32	4.68	6.33	73.06	15.15
-19	-0.93	55.32	4.66	6.30	72.99	15.13
-18	-0.95	55.32	4.64	6.26	72.91	15.11
-17	-0.98	55.32	4.62	6.22	72.84	15.09
-16	-1.00	55.32	4.59	6.19	72.77	15.07
-15	-1.02	55.32	4.57	6.15	72.69	15.04
-14	-1.05	55.31	4.53	6.11	72.61	15.03
-13	-1.08	55.31	4.50	6.07	72.54	15.01
-12	-1.11	55.31	4.48	6.04	72.46	14.99
-11	-1.13	55.31	4.45	6.01	72.41	15.00
-10	-1.15	55.30	4.42	5.98	72.34	14.97
-9	-1.17	55.30	4.40	5.93	72.27	14.94
-8	-1.20	55.30	4.38	5.89	72.20	14.90
-7	-1.22	55.30	4.36	5.85	72.10	14.90
-6	-1.25	55.30	4.33	5.82	72.03	14.89
-5	-1.27	55.30	4.31	5.79	71.96	14.86
-4	-1.29	55.30	4.28	5.75	71.90	14.84
-3	-1.32	55.30	4.25	5.72	71.84	14.79
-2	-1.35	55.29	4.23	5.68	71.77	14.76
-1	-1.38	55.28	4.20	5.64	71.69	14.74
0	-1.41	55.28	4.17	5.60	71.60	14.72
1	-1.44	55.28	4.14	5.56	71.55	14.69
2	-1.47	55.28	4.11	5.52	71.48	14.67
3	-1.49	55.27	4.08	5.48	71.42	14.66
4	-1.52	55.27	4.05	5.44	71.36	14.63
5	-1.54	55.27	4.02	5.40	71.29	14.60
6	-1.56	55.27	3.99	5.36	71.22	14.56
7	-1.59	55.27	3.97	5.32	71.16	14.54
8	-1.61	55.27	3.94	5.26	71.07	14.51
9	-1.63	55.26	3.92	5.22	71.00	14.49
10	-1.65	55.26	3.89	5.17	70.95	14.45
11	-1.68	55.26	3.86	5.13	70.88	14.42
12	-1.70	55.26	3.84	5.08	70.79	14.41
13	-1.73	55.25	3.81	5.04	70.74	14.38
14	-1.75	55.26	3.78	4.99	70.69	14.34
15	-1.78	55.25	3.76	4.95	70.62	14.32
16	-1.81	55.24	3.73	4.91	70.55	14.28
17	-1.83	55.24	3.71	4.87	70.51	14.28
18	-1.85	55.23	3.70	4.82	70.44	14.24
19	-1.88	55.23	3.67	4.78	70.36	14.20
20	-1.91	55.23	3.64	4.73	70.28	14.16
21	-1.94	55.23	3.63	4.68	70.20	14.10
22	-1.96	55.23	3.60	4.64	70.14	14.07
23	-1.98	55.22	3.58	4.58	70.08	14.04
24	-2.00	55.23	3.56	4.53	70.03	14.01
25	-2.01	55.23	3.54	4.49	69.98	13.98
26	-2.04	55.23	3.51	4.44	69.91	13.95
27	-2.05	55.22	3.49	4.39	69.86	13.89
28	-2.07	55.22	3.46	4.34	69.79	13.85
29	-2.10	55.21	3.44	4.29	69.72	13.82
30	-2.12	55.20	3.41	4.24	69.68	13.79
31	-2.13	55.19	3.38	4.19	69.62	13.76
32	-2.16	55.18	3.36	4.14	69.56	13.75
33	-2.18	55.17	3.34	4.10	69.49	13.72
34	-2.20	55.16	3.30	4.05	69.42	13.69
35	-2.22	55.16	3.29	4.00	69.38	13.66
36	-2.23	55.16	3.26	3.94	69.32	13.63
37	-2.25	55.17	3.24	3.89	69.26	13.59
38	-2.27	55.15	3.21	3.84	69.21	13.56
39	-2.29	55.14	3.19	3.78	69.15	13.54
40	-2.31	55.15	3.16	3.73	69.10	13.51
41	-2.33	55.13	3.13	3.68	69.04	13.46
42	-2.36	55.14	3.11	3.62	68.99	13.41
43	-2.38	55.14	3.09	3.57	68.94	13.38
44	-2.40	55.14	3.07	3.52	68.89	13.37
45	-2.43	55.13	3.06	3.46	68.84	13.35
46	-2.44	55.13	3.04	3.40	68.79	13.34
47	-2.45	55.11	3.01	3.34	68.73	13.30
48	-2.47	55.10	2.99	3.29	68.69	13.25
49	-2.48	55.09	2.96	3.24	68.63	13.21
50	-2.50	55.09	2.95	3.18	68.58	13.17
51	-2.52	55.08	2.93	3.14	68.52	13.13
52	-2.53	55.07	2.91	3.09	68.47	13.07
53	-2.54	55.05	2.89	3.03	68.43	13.01
54	-2.56	55.07	2.87	2.98	68.36	12.96
55	-2.58	55.05	2.85	2.92	68.30	12.93
56	-2.60	55.03	2.83	2.88	68.23	12.91
57	-2.61	55.02	2.80	2.82	68.19	12.86
58	-2.62	55.02	2.78	2.76	68.14	12.81
59	-2.64	55.03	2.76	2.72	68.09	12.78
60	-2.66	55.02	2.74	2.67	68.04	12.75
61	-2.68	55.01	2.72	2.63	67.99	12.76
62	-2.70	55.00	2.70	2.58	67.91	12.74
63	-2.72	55.00	2.67	2.53	67.84	12.69
64	-2.73	55.00	2.64	2.49	67.79	12.64
65	-2.75	55.00	2.62	2.45	67.73	12.62
66	-2.76	54.99	2.60	2.41	67.68	12.56
67	-2.78	54.98	2.58	2.37	67.63	12.53
68	-2.80	54.98	2.56	2.32	67.59	12.51
69	-2.80	54.98	2.54	2.28	67.55	12.46
70	-2.82	54.98	2.52	2.24	67.49	12.40
71	-2.83	54.98	2.49	2.20	67.44	12.36
72	-2.84	54.98	2.47	2.17	67.41	12.32
73	-2.85	54.98	2.45	2.13	67.34	12.31
74	-2.86	54.97	2.43	2.10	67.30	12.26
75	-2.88	54.97	2.40	2.07	67.26	12.23
76	-2.90	54.97	2.39	2.04	67.22	12.18
77	-2.91	54.96	2.37	2.00	67.19	12.13
78	-2.92	54.94	2.35	1.98	67.14	12.10
79	-2.93	54.93	2.33	1.94	67.11	12.06
80	-2.94	54.94	2.32	1.92	67.05	12.01
81	-2.96	54.93	2.30	1.90	67.02	11.93
82	-2.97	54.93	2.28	1.88	66.98	11.90
83	-2.99	54.92	2.26	1.86	66.94	11.87
84	-3.02	54.92	2.23	1.86	66.92	11.85
85	-3.03	54.93	2.22	1.85	66.89	11.80
86	-3.03	54.92	2.20	1.84	66.85	11.77
87	-3.05	54.92	2.17	1.82	66.81	11.74
88	-3.06	54.91	2.15	1.81	66.75	11.69
89	-3.07	54.91	2.13	1.81	66.72	11.67
90	-3.09	54.90	2.10	1.80	66.68	11.63
91	-3.10	54.90	2.08	1.81	66.65	11.58
92	-3.12	54.90	2.07	1.80	66.60	11.53
93	-3.13	54.89	2.07	1.79	66.56	11.46
94	-3.14	54.89	2.06	1.80	66.53	11.43
95	-3.16	54.88	2.05	1.78	66.48	11.34
96	-3.17	54.87	2.04	1.79	66.44	11.29
97	-3.17	54.88	2.03	1.80	66.40	11.26
98	-3.17	54.88	2.02	1.79	66.36	11.22
99	-3.18	54.87	2.00	1.81	66.33	11.14
100	-3.19	54.87	1.99	1.82	66.30	11.09
101	-3.20	54.86	1.98	1.83	66.27	11.05
102	-3.21	54.85	1.97	1.84	66.22	11.01
103	-3.22	54.85	1.96	1.85	66.21	10.96
104	-3.23	54.84	1.95	1.87	66.17	10.93
105	-3.24	54.84	1.94	1.87	66.13	10.88
106	-3.24	54.84	1.93	1.89	66.09	10.85
107	-3.24	54.84	1.92	1.92	66.06	10.81
108	-3.25	54.83	1.91	1.95	66.04	10.77
109	-3.25	54.83	1.90	1.99	66.02	10.74
110	-3.26	54.82	1.89	2.03	65.99	10.71
111	-3.27	54.80	1.89	2.07	65.96	10.68
112	-3.28	54.81	1.88	2.11	65.93	10.64
113	-3.29	54.81	1.88	2.16	65.90	10.61
114	-3.30	54.79	1.88	2.20	65.88	10.57
115	-3.30	54.78	1.87	2.24	65.86	10.52
116	-3.30	54.78	1.87	2.28	65.85	10.46
117	-3.32	54.78	1.86	2.33	65.83	10.40
118	-3.33	54.76	1.85	2.39	65.82	10.37
119	-3.34	54.75	1.84	2.44	65.79	10.31
120	-3.34	54.74	1.84	2.49	65.75	10.27
121	-3.36	54.72	1.83	2.55	65.75	10.22
122	-3.37	54.71	1.83	2.61	65.72	10.16
123	-3.38	54.70	1.83	2.67	65.70	10.11
124	-3.38	54.69	1.83	2.73	65.67	10.07
125	-3.39	54.68	1.83	2.80	65.65	10.03
126	-3.40	54.67	1.83	2.86	65.62	9.97
127	-3.41	54.66	1.83	2.92	65.60	9.91
128	-3.41	54.64	1.84	2.98	65.57	9.86
129	-3.41	54.63	1.84	3.05	65.55	9.80
130	-3.42	54.63	1.85	3.12	65.52	9.77
131	-3.42	54.64	1.84	3.19	65.51	9.73
132	-3.43	54.64	1.85	3.26	65.50	9.68
133	-3.43	54.63	1.85	3.32	65.48	9.63
134	-3.44	54.63	1.86	3.39	65.47	9.58
135	-3.44	54.63	1.87	3.44	65.45	9.52
136	-3.44	54.64	1.87	3.51	65.44	9.49
137	-3.45	54.64	1.88	3.59	65.42	9.46
138	-3.47	54.63	1.89	3.65	65.40	9.42
139	-3.47	54.62	1.89	3.71	65.38	9.37
140	-3.47	54.60	1.89	3.77	65.37	9.31
141	-3.47	54.60	1.89	3.83	65.35	9.26
142	-3.48	54.59	1.89	3.89	65.36	9.21
143	-3.48	54.58	1.89	3.95	65.34	9.16
144	-3.49	54.56	1.90	4.01	65.33	9.12
145	-3.50	54.55	1.91	4.07	65.31	9.06
146	-3.50	54.53	1.92	4.14	65.29	9.01
147	-3.51	54.51	1.93	4.21	65.29	8.97
148	-3.52	54.51	1.93	4.26	65.27	8.94
149	-3.52	54.49	1.93	4.32	65.26	8.88
150	-3.53	54.47	1.94	4.39	65.24	8.85
151	-3.54	54.45	1.94	4.46	65.24	8.79
152	-3.54	54.43	1.95	4.52	65.21	8.74
153	-3.54	54.40	1.96	4.58	65.17	8.71
154	-3.54	54.36	1.96	4.65	65.16	8.66
155	-3.54	54.33	1.96	4.71	65.17	8.61
156	-3.54	54.30	1.96	4.76	65.14	8.56
157	-3.54	54.26	1.97	4.82	65.13	8.53
158	-3.55	54.23	1.98	4.89	65.13	8.49
159	-3.55	54.20	2.00	4.95	65.13	8.42
160	-3.56	54.16	2.01	5.00	65.10	8.37
161	-3.56	54.12	2.01	5.05	65.09	8.33
162	-3.57	54.08	2.01	5.12	65.07	8.30
163	-3.57	54.03	2.02	5.17	65.06	8.25
164	-3.57	53.97	2.02	5.21	65.06	8.20
165	-3.57	53.93	2.03	5.26	65.05	8.16
166	-3.58	53.89	2.04	5.32	65.04	8.10
167	-3.57	53.81	2.04	5.37	65.04	8.04
168	-3.57	53.78	2.05	5.42	65.02	8.00
169	-3.57	53.73	2.06	5.45	65.02	7.95
170	-3.57	53.69	2.07	5.51	65.02	7.91
171	-3.57	53.64	2.07	5.56	65.01	7.87
172	-3.56	53.59	2.08	5.61	64.99	7.80
173	-3.56	53.52	2.09	5.66	65.00	7.77
174	-3.56	53.45	2.10	5.70	65.01	7.72
175	-3.56	53.41	2.09	5.74	65.01	7.67
176	-3.55	53.35	2.09	5.78	65.03	7.63
177	-3.54	53.29	2.10	5.82	65.05	7.58
178	-3.54	53.22	2.10	5.86	65.06	7.54
179	-3.54	53.16	2.12	5.90	65.06	7.50
180	-3.54	53.09	2.13	5.93	65.06	7.47
181	-3.53	53.05	2.14	5.97	65.05	7.44
182	-3.53	52.99	2.15	6.01	65.06	7.41
183	-3.52	52.94	2.15	6.04	65.06	7.36
184	-3.51	52.85	2.16	6.07	65.05	7.30
185	-3.51	52.77	2.16	6.10	65.05	7.27
186	-3.50	52.69	2.17	6.13	65.05	7.22
187	-3.50	52.62	2.18	6.16	65.04	7.20
188	-3.49	52.55	2.19	6.18	65.03	7.14
189	-3.48	52.46	2.20	6.21	65.01	7.08
190	-3.48	52.40	2.21	6.25	65.00	7.03
191	-3.47	52.33	2.22	6.28	65.00	7.01
192	-3.47	52.27	2.23	6.31	65.02	6.97
193	-3.46	52.20	2.24	6.32	65.02	6.92
194	-3.45	52.15	2.25	6.34	65.02	6.86
195	-3.45	52.05	2.25	6.37	65.03	6.81
196	-3.44	51.96	2.26	6.39	65.04	6.76
197	-3.43	51.88	2.26	6.41	65.05	6.73
198	-3.42	51.81	2.27	6.43	65.05	6.70
199	-3.41	51.71	2.27	6.44	65.07	6.65
200	-3.40	51.62	2.27	6.46	65.09	6.62
201	-3.39	51.55	2.28	6.47	65.08	6.57
202	-3.38	51.49	2.28	6.48	65.09	6.51
203	-3.37	51.41	2.28	6.50	65.10	6.47
204	-3.36	51.34	2.29	6.51	65.10	6.42
205	-3.34	51.26	2.29	6.51	65.10	6.39
206	-3.33	51.18	2.30	6.52	65.09	6.36
207	-3.32	51.10	2.30	6.52	65.09	6.31
208	-3.31	51.02	2.30	6.52	65.10	6.27
209	-3.30	50.95	2.31	6.53	65.10	6.23
210	-3.28	50.90	2.31	6.53	65.12	6.18
211	-3.27	50.82	2.31	6.53	65.11	6.14
212	-3.25	50.75	2.31	6.53	65.11	6.10
213	-3.24	50.67	2.32	6.53	65.11	6.06
214	-3.23	50.61	2.31	6.52	65.12	6.02
215	-3.21	50.52	2.33	6.51	65.13	5.97
216	-3.19	50.45	2.32	6.49	65.12	5.93
217	-3.18	50.36	2.32	6.49	65.12	5.92
218	-3.16	50.26	2.32	6.47	65.10	5.89
219	-3.14	50.16	2.32	6.46	65.12	5.84
220	-3.12	50.05	2.32	6.45	65.12	5.81
221	-3.11	49.96	2.33	6.43	65.13	5.76
222	-3.08	49.86	2.34	6.40	65.13	5.74
223	-3.07	49.78	2.33	6.36	65.13	5.71
224	-3.06	49.69	2.33	6.34	65.15	5.69
225	-3.05	49.63	2.33	6.30	65.15	5.66
226	-3.04	49.58	2.33	6.28	65.16	5.64
227	-3.02	49.53	2.32	6.26	65.17	5.59
228	-3.00	49.45	2.32	6.22	65.16	5.58
229	-2.99	49.37	2.33	6.18	65.18	5.55
230	-2.97	49.29	2.32	6.14	65.20	5.51
231	-2.94	49.22	2.32	6.11	65.22	5.47
232	-2.92	49.16	2.32	6.06	65.24	5.43
233	-2.91	49.11	2.32	6.02	65.24	5.39
234	-2.90	49.03	2.32	5.98	65.23	5.35
235	-2.88	48.97	2.31	5.93	65.22	5.34
236	-2.87	48.89	2.30	5.88	65.22	5.31
237	-2.86	48.85	2.30	5.83	65.23	5.30
238	-2.84	48.78	2.30	5.78	65.20	5.29
239	-2.82	48.75	2.29	5.73	65.20	5.25
240	-2.80	48.71	2.29	5.69	65.19	5.20
241	-2.78	48.66	2.30	5.64	65.18	5.17
242	-2.77	48.64	2.29	5.58	65.20	5.14
243	-2.76	48.62	2.29	5.51	65.20	5.11
244	-2.74	48.59	2.30	5.48	65.20	5.10
245	-2.73	48.53	2.29	5.43	65.22	5.09
246	-2.70	48.51	2.28	5.36	65.22	5.06
247	-2.69	48.48	2.26	5.31	65.23	5.03
248	-2.67	48.47	2.25	5.25	65.24	5.01
249	-2.65	48.45	2.24	5.19	65.23	5.01
250	-2.63	48.46	2.23	5.14	65.24	5.01
251	-2.61	48.44	2.23	5.09	65.24	5.01
252	-2.59	48.44	2.22	5.04	65.25	4.98
253	-2.58	48.46	2.21	4.97	65.25	4.95
254	-2.56	48.48	2.20	4.92	65.24	4.94
255	-2.54	48.45	2.19	4.84	65.25	4.97
256	-2.53	48.48	2.19	4.77	65.25	4.95
257	-2.51	48.45	2.18	4.72	65.25	4.96
258	-2.51	48.46	2.16	4.66	65.28	4.93
259	-2.49	48.47	2.16	4.59	65.27	4.90
260	-2.47	48.45	2.14	4.53	65.27	4.88
261	-2.46	48.43	2.13	4.47	65.28	4.87
262	-2.43	48.45	2.12	4.40	65.28	4.84
263	-2.40	48.43	2.11	4.33	65.28	4.83
264	-2.39	48.44	2.10	4.26	65.27	4.84
265	-2.37	48.45	2.10	4.21	65.27	4.85
266	-2.36	48.48	2.09	4.14	65.26	4.83
267	-2.34	48.49	2.09	4.09	65.28	4.80
268	-2.32	48.51	2.07	4.03	65.29	4.79
269	-2.31	48.52	2.06	4.01	65.27	4.79
270	-2.31	48.50	2.04	3.97	65.27	4.80
271	-2.29	48.49	2.02	3.93	65.26	4.79
272	-2.27	48.51	2.01	3.88	65.27	4.76
273	-2.26	48.53	1.99	3.80	65.28	4.77
274	-2.26	48.54	1.99	3.78	65.26	4.78
275	-2.25	48.55	1.99	3.75	65.25	4.78
276	-2.24	48.57	1.98	3.71	65.25	4.78
277	-2.23	48.59	1.99	3.67	65.25	4.80
278	-2.21	48.61	1.98	3.62	65.25	4.81
279	-2.19	48.60	1.97	3.58	65.25	4.81
280	-2.18	48.59	1.97	3.54	65.24	4.81
281	-2.19	48.60	1.97	3.50	65.23	4.83
282	-2.17	48.61	1.97	3.47	65.24	4.85
283	-2.18	48.59	1.96	3.46	65.24	4.86
284	-2.17	48.60	1.96	3.43	65.24	4.88
285	-2.16	48.59	1.96	3.42	65.23	4.88
286	-2.15	48.61	1.97	3.39	65.22	4.89
287	-2.15	48.63	1.97	3.38	65.22	4.90
288	-2.15	48.66	1.97	3.38	65.22	4.92
289	-2.14	48.68	1.96	3.38	65.20	4.93
290	-2.13	48.70	1.95	3.38	65.18	4.94
291	-2.13	48.70	1.96	3.37	65.19	4.93
292	-2.13	48.71	1.95	3.35	65.17	4.95
293	-2.11	48.72	1.95	3.36	65.17	4.94
294	-2.11	48.71	1.95	3.36	65.17	4.96
295	-2.11	48.71	1.95	3.35	65.16	4.97
296	-2.10	48.73	1.95	3.34	65.15	5.00
297	-2.09	48.72	1.94	3.35	65.13	5.02
298	-2.09	48.74	1.94	3.34	65.12	5.03
299	-2.08	48.76	1.94	3.33	65.10	5.05
300	-2.08	48.79	1.94	3.35	65.10	5.07
301	-2.07	48.80	1.94	3.36	65.10	5.08
302	-2.06	48.81	1.94	3.36	65.10	5.10
303	-2.06	48.82	1.94	3.38	65.10	5.10
304	-2.06	48.86	1.94	3.39	65.10	5.13
305	-2.06	48.91	1.94	3.39	65.10	5.16
306	-2.05	48.96	1.94	3.41	65.11	5.16
307	-2.04	48.97	1.95	3.43	65.09	5.22
308	-2.03	48.98	1.95	3.44	65.09	5.24
309	-2.02	49.00	1.95	3.46	65.09	5.29
310	-2.01	49.03	1.96	3.48	65.08	5.32
311	-2.01	49.08	1.97	3.49	65.06	5.37
312	-2.00	49.11	1.97	3.52	65.05	5.40
313	-2.00	49.14	1.98	3.54	65.05	5.44
314	-2.00	49.20	1.99	3.56	65.04	5.49
315	-2.00	49.25	2.00	3.58	65.05	5.52
316	-2.00	49.29	2.01	3.60	65.03	5.57
317	-1.98	49.36	2.02	3.63	65.01	5.62
318	-1.98	49.41	2.02	3.65	65.03	5.65
319	-1.98	49.46	2.03	3.68	65.02	5.69
320	-1.98	49.52	2.04	3.70	64.98	5.70
321	-1.98	49.57	2.05	3.71	64.96	5.75
322	-1.98	49.62	2.06	3.74	64.96	5.79
323	-1.97	49.68	2.07	3.76	64.96	5.81
324	-1.97	49.74	2.07	3.78	64.92	5.86
325	-1.98	49.78	2.09	3.80	64.90	5.92
326	-1.97	49.87	2.10	3.82	64.87	5.96
327	-1.97	49.94	2.13	3.84	64.84	6.00
328	-1.95	50.02	2.15	3.86	64.83	6.05
329	-1.95	50.10	2.17	3.88	64.80	6.10
330	-1.94	50.19	2.18	3.89	64.82	6.14
331	-1.93	50.26	2.21	3.90	64.79	6.20
332	-1.91	50.34	2.22	3.90	64.80	6.24
333	-1.90	50.43	2.22	3.91	64.78	6.29
334	-1.90	50.50	2.24	3.93	64.75	6.33
335	-1.88	50.58	2.25	3.93	64.72	6.38
336	-1.87	50.68	2.26	3.94	64.71	6.44
337	-1.86	50.75	2.27	3.95	64.69	6.52
338	-1.86	50.83	2.30	3.95	64.66	6.58
339	-1.85	50.93	2.33	3.96	64.64	6.62
340	-1.84	51.03	2.34	3.97	64.60	6.67
341	-1.84	51.11	2.35	3.96	64.58	6.74
342	-1.83	51.21	2.38	3.95	64.57	6.81
343	-1.83	51.28	2.41	3.96	64.57	6.85
344	-1.82	51.34	2.44	3.95	64.53	6.93
345	-1.80	51.41	2.46	3.94	64.52	7.00
346	-1.80	51.48	2.49	3.95	64.52	7.07
347	-1.79	51.56	2.51	3.95	64.51	7.14
348	-1.78	51.63	2.53	3.96	64.49	7.24
349	-1.77	51.73	2.55	3.96	64.45	7.29
350	-1.76	51.83	2.58	3.95	64.43	7.36
351	-1.75	51.89	2.60	3.96	64.41	7.41
352	-1.73	51.97	2.63	3.95	64.41	7.48
353	-1.72	52.05	2.65	3.94	64.38	7.56
354	-1.71	52.12	2.67	3.94	64.37	7.62
355	-1.70	52.20	2.69	3.94	64.33	7.72
356	-1.68	52.26	2.71	3.94	64.32	7.78
357	-1.67	52.34	2.74	3.94	64.29	7.82
358	-1.64	52.39	2.77	3.94	64.28	7.90
359	-1.62	52.46	2.79	3.95	64.25	7.96
360	-1.59	52.53	2.82	3.95	64.23	8.02
361	-1.57	52.60	2.86	3.95	64.22	8.08
362	-1.56	52.67	2.89	3.94	64.19	8.16
363	-1.54	52.74	2.90	3.94	64.16	8.26
364	-1.52	52.79	2.93	3.90	64.15	8.33
365	-1.50	52.85	2.96	3.92	64.12	8.44
366	-1.48	52.90	2.99	3.93	64.13	8.51
367	-1.46	52.96	3.02	3.93	64.10	8.61
368	-1.43	53.03	3.05	3.93	64.05	8.70
369	-1.41	53.09	3.09	3.94	64.03	8.79
370	-1.40	53.15	3.11	3.92	64.03	8.86
371	-1.38	53.21	3.14	3.93	64.02	8.94
372	-1.36	53.26	3.16	3.92	64.02	9.04
373	-1.33	53.31	3.20	3.93	64.01	9.10
374	-1.30	53.37	3.24	3.94	63.98	9.18
375	-1.28	53.43	3.26	3.92	63.94	9.28
376	-1.27	53.48	3.28	3.94	63.91	9.34
377	-1.25	53.54	3.31	3.94	63.91	9.42
378	-1.21	53.59	3.35	3.96	63.88	9.50
379	-1.18	53.64	3.38	3.99	63.88	9.59
380	-1.17	53.69	3.40	3.99	63.87	9.69
381	-1.13	53.75	3.43	4.00	63.89	9.78
382	-1.11	53.80	3.46	4.00	63.90	9.90
383	-1.08	53.85	3.49	4.01	63.90	9.99
384	-1.05	53.90	3.53	4.02	63.88	10.07
385	-1.01	53.95	3.56	4.01	63.86	10.16
386	-0.98	54.00	3.59	4.02	63.83	10.22
387	-0.95	54.06	3.62	4.03	63.80	10.32
388	-0.92	54.11	3.66	4.03	63.79	10.44
389	-0.90	54.16	3.68	4.04	63.78	10.52
390	-0.88	54.20	3.73	4.04	63.76	10.60
391	-0.84	54.25	3.76	4.06	63.75	10.70
392	-0.81	54.30	3.81	4.09	63.72	10.75
393	-0.78	54.34	3.84	4.09	63.69	10.83
394	-0.76	54.40	3.88	4.10	63.65	10.93
395	-0.73	54.44	3.91	4.11	63.65	11.01
396	-0.70	54.48	3.94	4.12	63.61	11.10
397	-0.68	54.51	3.97	4.12	63.57	11.18
398	-0.64	54.54	4.00	4.13	63.58	11.28
399	-0.60	54.57	4.03	4.15	63.55	11.37
400	-0.57	54.63	4.06	4.16	63.52	11.48
401	-0.54	54.65	4.09	4.18	63.49	11.60
402	-0.51	54.68	4.12	4.23	63.43	11.69
403	-0.48	54.71	4.14	4.25	63.41	11.81
404	-0.43	54.75	4.18	4.25	63.39	11.92
405	-0.39	54.78	4.22	4.29	63.38	12.02
406	-0.36	54.81	4.24	4.31	63.37	12.11
407	-0.34	54.83	4.27	4.31	63.37	12.18
408	-0.30	54.87	4.31	4.33	63.36	12.27
409	-0.27	54.89	4.34	4.34	63.36	12.37
410	-0.22	54.91	4.38	4.35	63.35	12.46
411	-0.19	54.93	4.41	4.35	63.35	12.55
412	-0.15	54.97	4.45	4.35	63.33	12.67
413	-0.10	54.97	4.47	4.37	63.33	12.75
414	-0.06	54.98	4.51	4.36	63.31	12.85
415	-0.01	54.99	4.55	4.37	63.35	12.91
416	0.04	55.00	4.57	4.38	63.32	12.98
417	0.09	55.01	4.61	4.39	63.29	13.08
418	0.15	55.03	4.64	4.41	63.25	13.14
419	0.19	55.04	4.68	4.43	63.21	13.26
420	0.25	55.04	4.71	4.45	63.20	13.31
421	0.30	55.06	4.74	4.45	63.18	13.37
422	0.37	55.07	4.77	4.48	63.18	13.46
423	0.42	55.07	4.81	4.49	63.17	13.56
424	0.48	55.08	4.84	4.51	63.14	13.69
425	0.55	55.08	4.88	4.53	63.16	13.76
426	0.61	55.09	4.91	4.55	63.12	13.83
427	0.67	55.09	4.94	4.56	63.09	13.92
428	0.72	55.11	4.97	4.57	63.06	14.01
429	0.79	55.11	5.01	4.59	63.06	14.06
430	0.85	55.12	5.03	4.60	63.05	14.14
431	0.93	55.12	5.07	4.62	63.00	14.25
432	0.99	55.13	5.08	4.63	62.97	14.32
433	1.06	55.13	5.11	4.65	62.94	14.38
434	1.12	55.13	5.14	4.66	62.92	14.44
435	1.18	55.14	5.19	4.69	62.89	14.50
436	1.25	55.12	5.20	4.71	62.89	14.59
437	1.32	55.13	5.24	4.73	62.87	14.68
438	1.38	55.14	5.28	4.76	62.89	14.73
439	1.44	55.14	5.32	4.78	62.89	14.81
440	1.52	55.15	5.35	4.79	62.89	14.87
441	1.59	55.13	5.38	4.80	62.86	14.93
442	1.66	55.14	5.41	4.79	62.85	15.01
443	1.73	55.13	5.44	4.81	62.83	15.08
444	1.80	55.14	5.46	4.83	62.84	15.17
445	1.87	55.14	5.48	4.87	62.83	15.23
446	1.95	55.15	5.50	4.89	62.82	15.30
447	2.03	55.16	5.55	4.89	62.77	15.39
448	2.12	55.15	5.58	4.91	62.76	15.49
449	2.20	55.13	5.61	4.91	62.73	15.56
450	2.28	55.12	5.62	4.94	62.75	15.61
451	2.36	55.13	5.64	4.95	62.75	15.68
452	2.45	55.13	5.66	4.97	62.72	15.76
453	2.53	55.11	5.67	5.00	62.73	15.85
454	2.61	55.09	5.69	5.03	62.72	15.94
455	2.69	55.09	5.71	5.03	62.70	16.04
456	2.78	55.09	5.73	5.05	62.68	16.12
457	2.85	55.07	5.75	5.06	62.66	16.22
458	2.94	55.07	5.78	5.09	62.67	16.30
459	3.03	55.05	5.80	5.11	62.68	16.35
460	3.12	55.04	5.82	5.13	62.66	16.44
461	3.21	55.05	5.85	5.16	62.64	16.51
462	3.30	55.04	5.86	5.18	62.62	16.62
463	3.38	55.05	5.88	5.21	62.63	16.68
464	3.47	55.05	5.90	5.23	62.61	16.78
465	3.56	55.05	5.93	5.25	62.60	16.84
466	3.65	55.06	5.94	5.25	62.57	16.92
467	3.74	55.05	5.96	5.26	62.55	17.00
468	3.82	55.04	5.97	5.30	62.54	17.04
469	3.91	55.04	5.99	5.31	62.51	17.10
470	3.99	55.02	5.99	5.32	62.48	17.14
471	4.08	54.98	6.02	5.36	62.47	17.18
472	4.16	54.98	6.04	5.41	62.46	17.22
473	4.25	54.98	6.05	5.45	62.43	17.28
474	4.34	54.98	6.06	5.48	62.41	17.34
475	4.43	54.96	6.08	5.52	62.41	17.42
476	4.51	54.95	6.09	5.55	62.41	17.49
477	4.59	54.95	6.08	5.57	62.44	17.54
478	4.68	54.94	6.09	5.61	62.41	17.58
479	4.77	54.93	6.09	5.63	62.39	17.65
480	4.84	54.91	6.11	5.66	62.40	17.72
481	4.93	54.91	6.12	5.69	62.43	17.80
482	5.01	54.92	6.13	5.71	62.44	17.84
483	5.09	54.91	6.14	5.74	62.45	17.90
484	5.18	54.88	6.14	5.78	62.44	17.96
485	5.28	54.90	6.13	5.81	62.45	18.05
486	5.37	54.89	6.14	5.84	62.48	18.09
487	5.45	54.88	6.14	5.87	62.48	18.12
488	5.54	54.85	6.14	5.91	62.46	18.16
489	5.63	54.84	6.14	5.93	62.47	18.21
490	5.74	54.83	6.14	5.94	62.50	18.27
491	5.83	54.83	6.15	5.98	62.50	18.32
492	5.93	54.82	6.16	5.98	62.50	18.37
493	6.02	54.81	6.17	6.01	62.48	18.40
494	6.11	54.80	6.17	6.04	62.47	18.42
495	6.20	54.76	6.18	6.06	62.47	18.45
496	6.29	54.74	6.18	6.08	62.50	18.51
497	6.39	54.71	6.18	6.09	62.48	18.54
498	6.49	54.71	6.19	6.12	62.46	18.59
499	6.57	54.70	6.18	6.14	62.45	18.61
500	6.66	54.69	6.17	6.16	62.47	18.66
501	6.74	54.68	6.18	6.17	62.46	18.70
502	6.84	54.66	6.17	6.20	62.43	18.72
503	6.95	54.63	6.18	6.22	62.41	18.75
504	7.04	54.62	6.18	6.24	62.38	18.77
505	7.14	54.61	6.16	6.27	62.36	18.81
506	7.23	54.60	6.14	6.30	62.35	18.85
507	7.34	54.59	6.13	6.32	62.40	18.88
508	7.43	54.57	6.12	6.34	62.36	18.88
509	7.54	54.56	6.10	6.36	62.34	18.89
510	7.63	54.56	6.12	6.38	62.34	18.91
511	7.72	54.54	6.13	6.40	62.36	18.96
512	7.81	54.51	6.11	6.42	62.36	18.99
513	7.93	54.49	6.11	6.44	62.35	19.03
514	8.02	54.45	6.12	6.46	62.37	19.05
515	8.11	54.42	6.09	6.47	62.39	19.08
516	8.22	54.40	6.06	6.48	62.39	19.08
517	8.32	54.38	6.04	6.52	62.38	19.11
518	8.42	54.35	6.04	6.52	62.37	19.15
519	8.52	54.31	6.04	6.55	62.38	19.16
520	8.61	54.30	6.02	6.57	62.40	19.15
521	8.71	54.27	5.99	6.58	62.43	19.18
522	8.82	54.25	5.97	6.58	62.42	19.18
523	8.90	54.22	5.94	6.58	62.41	19.14
524	9.00	54.18	5.92	6.58	62.40	19.15
525	9.09	54.16	5.89	6.58	62.42	19.15
526	9.18	54.13	5.86	6.60	62.43	19.10
527	9.28	54.09	5.83	6.60	62.43	19.11
528	9.37	54.06	5.82	6.61	62.41	19.11
529	9.45	54.01	5.82	6.61	62.41	19.08
530	9.55	53.96	5.80	6.62	62.40	19.09
531	9.66	53.93	5.78	6.61	62.38	19.09
532	9.77	53.90	5.77	6.61	62.35	19.06
533	9.86	53.88	5.76	6.62	62.37	19.02
534	9.95	53.85	5.73	6.61	62.35	18.99
535	10.05	53.83	5.70	6.62	62.33	18.98
536	10.16	53.78	5.68	6.62	62.33	18.99
537	10.26	53.75	5.64	6.61	62.31	18.95
538	10.35	53.70	5.61	6.61	62.31	18.94
539	10.45	53.67	5.58	6.61	62.31	18.92
540	10.55	53.64	5.56	6.60	62.30	18.93
541	10.65	53.61	5.53	6.59	62.27	18.91
542	10.76	53.56	5.48	6.58	62.25	18.87
543	10.84	53.53	5.45	6.57	62.22	18.81
544	10.94	53.49	5.43	6.56	62.20	18.76
545	11.03	53.47	5.38	6.54	62.19	18.71
546	11.13	53.43	5.33	6.52	62.17	18.67
547	11.22	53.40	5.31	6.50	62.14	18.60
548	11.31	53.37	5.27	6.49	62.14	18.54
549	11.40	53.33	5.23	6.48	62.12	18.49
550	11.50	53.30	5.19	6.45	62.10	18.45
551	11.59	53.26	5.15	6.43	62.08	18.40
552	11.69	53.23	5.12	6.42	62.05	18.35
553	11.79	53.20	5.08	6.40	62.04	18.32
554	11.89	53.15	5.02	6.38	62.02	18.27
555	11.98	53.11	4.98	6.35	62.02	18.22
556	12.07	53.08	4.94	6.33	62.03	18.14
557	12.17	53.05	4.90	6.32	62.06	18.06
558	12.25	53.02	4.85	6.27	62.07	17.96
559	12.33	52.98	4.82	6.24	62.06	17.87
560	12.43	52.96	4.78	6.20	62.06	17.80
561	12.53	52.92	4.74	6.16	62.04	17.71
562	12.62	52.89	4.69	6.13	62.02	17.62
563	12.70	52.87	4.64	6.08	62.04	17.53
564	12.80	52.84	4.60	6.05	62.05	17.45
565	12.90	52.82	4.56	6.03	62.04	17.35
566	12.99	52.76	4.52	5.99	62.02	17.28
567	13.09	52.71	4.48	5.96	62.03	17.18
568	13.19	52.67	4.44	5.92	61.99	17.08
569	13.27	52.62	4.39	5.88	61.94	16.97
570	13.36	52.59	4.35	5.84	61.94	16.88
571	13.44	52.55	4.29	5.81	61.94	16.78
572	13.53	52.51	4.25	5.76	61.97	16.69
573	13.62	52.46	4.20	5.71	61.99	16.61
574	13.72	52.43	4.15	5.65	62.02	16.51
575	13.82	52.39	4.10	5.61	62.04	16.41
576	13.90	52.36	4.05	5.56	62.03	16.35
577	13.99	52.31	4.00	5.53	62.04	16.28
578	14.07	52.27	3.95	5.48	62.09	16.14
579	14.14	52.23	3.91	5.41	62.10	16.04
580	14.24	52.19	3.85	5.36	62.10	15.93
581	14.31	52.14	3.80	5.30	62.11	15.80
582	14.38	52.09	3.74	5.24	62.11	15.68
583	14.46	52.07	3.69	5.18	62.13	15.57
584	14.54	52.03	3.65	5.11	62.18	15.48
585	14.61	52.00	3.59	5.05	62.21	15.36
586	14.67	51.97	3.55	5.00	62.21	15.25
587	14.75	51.97	3.49	4.94	62.19	15.12
588	14.83	51.94	3.45	4.87	62.22	14.99
589	14.88	51.92	3.39	4.79	62.25	14.86
590	14.93	51.92	3.34	4.73	62.29	14.75
591	15.00	51.91	3.28	4.65	62.28	14.62
592	15.07	51.90	3.23	4.59	62.34	14.48
593	15.14	51.87	3.18	4.52	62.39	14.34
594	15.20	51.85	3.12	4.46	62.45	14.20
595	15.26	51.84	3.07	4.40	62.53	14.09
596	15.32	51.84	3.02	4.34	62.55	13.97
597	15.36	51.84	2.97	4.27	62.56	13.88
598	15.41	51.86	2.92	4.20	62.60	13.72
599	15.46	51.84	2.85	4.12	62.65	13.59
600	15.51	51.85	2.80	4.04	62.71	13.47
601	15.55	51.85	2.75	3.96	62.79	13.35
602	15.59	51.84	2.71	3.87	62.86	13.25
603	15.63	51.85	2.66	3.80	62.91	13.12
604	15.67	51.86	2.62	3.72	63.00	12.98
605	15.72	51.86	2.56	3.64	63.01	12.84
606	15.76	51.87	2.51	3.57	63.10	12.71
607	15.79	51.88	2.47	3.48	63.16	12.59
608	15.82	51.89	2.41	3.39	63.19	12.44
609	15.85	51.89	2.37	3.32	63.25	12.29
610	15.87	51.88	2.33	3.24	63.29	12.18
611	15.90	51.90	2.28	3.17	63.34	12.09
612	15.92	51.91	2.23	3.09	63.44	11.94
613	15.94	51.91	2.19	3.01	63.49	11.80
614	15.97	51.90	2.15	2.92	63.53	11.68
615	15.99	51.91	2.11	2.86	63.53	11.57
616	16.02	51.92	2.09	2.79	63.58	11.48
617	16.03	51.93	2.06	2.73	63.63	11.35
618	16.04	51.93	2.02	2.67	63.67	11.24
619	16.07	51.96	1.99	2.61	63.69	11.11
620	16.08	51.96	1.96	2.58	63.78	10.96
621	16.10	51.95	1.93	2.55	63.84	10.82
622	16.13	51.95	1.91	2.52	63.84	10.69
623	16.15	51.95	1.88	2.50	63.91	10.57
624	16.16	51.94	1.87	2.47	63.94	10.43
625	16.18	51.94	1.85	2.44	63.95	10.31
626	16.21	51.94	1.84	2.43	64.00	10.21
627	16.22	51.93	1.82	2.41	64.08	10.08
628	16.23	51.93	1.81	2.40	64.14	9.97
629	16.24	51.93	1.79	2.39	64.17	9.89
630	16.24	51.94	1.79	2.38	64.19	9.78
631	16.25	51.96	1.79	2.37	64.30	9.65
632	16.26	51.98	1.77	2.36	64.33	9.52
633	16.25	51.97	1.76	2.35	64.34	9.39
634	16.25	51.98	1.76	2.35	64.38	9.31
635	16.25	51.99	1.75	2.36	64.40	9.17
636	16.25	52.00	1.75	2.36	64.41	9.06
637	16.26	51.99	1.74	2.36	64.44	8.95
638	16.27	51.98	1.74	2.37	64.47	8.82
639	16.27	51.99	1.73	2.38	64.47	8.77
640	16.27	52.01	1.73	2.37	64.54	8.67
641	16.28	52.02	1.73	2.40	64.56	8.62
642	16.28	52.02	1.73	2.40	64.61	8.52
643	16.28	52.02	1.74	2.42	64.65	8.43
644	16.30	52.03	1.75	2.43	64.68	8.39
645	16.31	52.02	1.75	2.45	64.73	8.32
646	16.32	52.01	1.76	2.47	64.72	8.25
647	16.33	52.02	1.78	2.49	64.71	8.18
648	16.34	52.03	1.79	2.51	64.75	8.10
649	16.33	52.03	1.81	2.52	64.74	8.05
650	16.32	52.02	1.81	2.54	64.77	7.98
651	16.33	52.04	1.82	2.56	64.81	7.93
652	16.33	52.05	1.84	2.57	64.84	7.86
653	16.33	52.04	1.85	2.60	64.82	7.81
654	16.33	52.04	1.87	2.64	64.86	7.76
655	16.33	52.04	1.89	2.67	64.87	7.74
656	16.33	52.04	1.90	2.71	64.88	7.66
657	16.33	52.06	1.91	2.74	64.87	7.60
658	16.33	52.07	1.93	2.76	64.88	7.56
659	16.32	52.08	1.95	2.79	64.85	7.52
660	16.32	52.09	1.96	2.82	64.83	7.52
661	16.31	52.11	1.99	2.85	64.84	7.46
662	16.30	52.11	2.01	2.89	64.79	7.48
663	16.30	52.13	2.03	2.91	64.78	7.43
664	16.29	52.13	2.05	2.95	64.81	7.38
665	16.28	52.14	2.07	2.98	64.81	7.37
666	16.28	52.14	2.08	3.01	64.81	7.33
667	16.26	52.15	2.10	3.02	64.81	7.32
668	16.25	52.16	2.11	3.06	64.81	7.30
669	16.25	52.18	2.14	3.09	64.87	7.27
670	16.23	52.18	2.16	3.11	64.87	7.24
671	16.22	52.18	2.18	3.15	64.85	7.18
672	16.21	52.18	2.20	3.17	64.83	7.16
673	16.21	52.17	2.21	3.20	64.82	7.15
674	16.19	52.19	2.22	3.22	64.84	7.16
675	16.17	52.19	2.23	3.26	64.82	7.16
676	16.16	52.20	2.25	3.26	64.83	7.12
677	16.15	52.22	2.27	3.30	64.81	7.10
678	16.14	52.24	2.28	3.32	64.83	7.07
679	16.13	52.27	2.30	3.33	64.77	7.07
680	16.12	52.31	2.32	3.35	64.75	7.06
681	16.10	52.31	2.34	3.38	64.74	7.02
682	16.08	52.34	2.35	3.39	64.71	7.03
683	16.07	52.36	2.36	3.41	64.73	6.98
684	16.05	52.38	2.37	3.43	64.74	6.99
685	16.03	52.41	2.39	3.44	64.76	6.97
686	16.01	52.44	2.39	3.46	64.74	7.01
687	15.98	52.46	2.40	3.45	64.72	7.03
688	15.96	52.50	2.41	3.45	64.72	7.03
689	15.94	52.55	2.41	3.46	64.71	7.05
690	15.92	52.57	2.42	3.46	64.71	7.07
691	15.90	52.58	2.42	3.46	64.66	7.08
692	15.89	52.62	2.43	3.48	64.57	7.09
693	15.87	52.65	2.43	3.49	64.55	7.10
694	15.85	52.67	2.44	3.51	64.57	7.12
695	15.83	52.70	2.45	3.51	64.58	7.11
696	15.81	52.74	2.44	3.52	64.59	7.13
697	15.78	52.77	2.45	3.52	64.55	7.15
698	15.76	52.78	2.46	3.51	64.55	7.14
699	15.75	52.80	2.47	3.50	64.57	7.14
700	15.72	52.83	2.48	3.49	64.54	7.11
701	15.71	52.84	2.49	3.49	64.54	7.12
702	15.68	52.85	2.50	3.50	64.51	7.13
703	15.67	52.88	2.51	3.50	64.48	7.14
704	15.65	52.90	2.51	3.50	64.49	7.16
705	15.63	52.91	2.51	3.51	64.51	7.16
706	15.61	52.91	2.51	3.51	64.53	7.17
707	15.59	52.93	2.52	3.51	64.52	7.17
708	15.58	52.94	2.52	3.51	64.51	7.17
709	15.55	52.96	2.52	3.53	64.50	7.17
710	15.54	52.98	2.51	3.51	64.51	7.14
711	15.51	52.99	2.50	3.49	64.50	7.15
712	15.48	53.00	2.50	3.50	64.50	7.18
713	15.47	53.03	2.50	3.50	64.50	7.17
714	15.45	53.05	2.50	3.49	64.50	7.19
715	15.42	53.08	2.51	3.47	64.52	7.16
716	15.41	53.09	2.52	3.47	64.55	7.20
717	15.39	53.10	2.52	3.48	64.54	7.21
718	15.36	53.10	2.52	3.49	64.52	7.20
719	15.36	53.13	2.53	3.49	64.49	7.21
720	15.32	53.13	2.54	3.50	64.50	7.21
721	15.31	53.15	2.55	3.52	64.52	7.24
722	15.30	53.16	2.55	3.52	64.56	7.27
723	15.27	53.18	2.55	3.51	64.54	7.30
724	15.26	53.18	2.55	3.52	64.53	7.33
725	15.24	53.19	2.56	3.52	64.54	7.36
726	15.23	53.20	2.56	3.52	64.54	7.39
727	15.21	53.23	2.56	3.52	64.54	7.44
728	15.20	53.25	2.57	3.52	64.53	7.47
729	15.18	53.25	2.58	3.53	64.50	7.52
730	15.16	53.23	2.58	3.55	64.49	7.55
731	15.15	53.24	2.59	3.56	64.50	7.59
732	15.12	53.26	2.59	3.57	64.54	7.65
733	15.09	53.25	2.60	3.57	64.52	7.66
734	15.09	53.24	2.60	3.58	64.53	7.68
735	15.06	53.25	2.61	3.61	64.57	7.74
736	15.05	53.24	2.61	3.62	64.60	7.78
737	15.02	53.23	2.61	3.62	64.56	7.85
738	14.99	53.22	2.63	3.65	64.58	7.90
739	14.97	53.20	2.64	3.67	64.62	7.95
740	14.96	53.18	2.66	3.71	64.61	7.98
741	14.94	53.17	2.66	3.72	64.62	8.02
742	14.93	53.17	2.67	3.75	64.63	8.07
743	14.91	53.15	2.68	3.76	64.67	8.12
744	14.88	53.13	2.69	3.78	64.67	8.18
745	14.86	53.13	2.69	3.82	64.69	8.25
746	14.82	53.09	2.70	3.86	64.68	8.29
747	14.80	53.09	2.71	3.90	64.66	8.35
748	14.76	53.07	2.72	3.93	64.67	8.41
749	14.73	53.07	2.73	3.97	64.69	8.45
750	14.71	53.03	2.74	3.99	64.74	8.49
751	14.69	53.01	2.75	4.02	64.75	8.55
752	14.67	52.98	2.75	4.04	64.75	8.62
753	14.66	52.94	2.77	4.07	64.76	8.66
754	14.63	52.90	2.77	4.10	64.79	8.72
755	14.61	52.85	2.78	4.13	64.80	8.76
756	14.59	52.79	2.78	4.16	64.76	8.88
757	14.58	52.76	2.80	4.19	64.78	8.95
758	14.56	52.71	2.80	4.22	64.79	9.01
759	14.55	52.68	2.82	4.25	64.80	9.08
760	14.51	52.63	2.83	4.28	64.80	9.15
761	14.47	52.60	2.85	4.31	64.82	9.22
762	14.46	52.56	2.87	4.33	64.77	9.27
763	14.44	52.51	2.89	4.35	64.77	9.32
764	14.41	52.44	2.90	4.37	64.76	9.40
765	14.39	52.37	2.89	4.40	64.72	9.46
766	14.36	52.32	2.89	4.42	64.74	9.51
767	14.33	52.25	2.90	4.44	64.76	9.58
768	14.30	52.20	2.90	4.46	64.75	9.65
769	14.28	52.16	2.92	4.49	64.79	9.70
770	14.26	52.13	2.92	4.51	64.76	9.74
771	14.23	52.07	2.93	4.53	64.74	9.77
772	14.22	52.01	2.95	4.55	64.73	9.85
773	14.21	51.93	2.94	4.56	64.66	9.93
774	14.18	51.87	2.95	4.57	64.63	10.00
775	14.14	51.79	2.95	4.58	64.57	10.08
776	14.10	51.71	2.96	4.60	64.56	10.15
777	14.09	51.63	2.96	4.61	64.56	10.20
778	14.06	51.54	2.97	4.62	64.53	10.25
779	14.03	51.46	2.96	4.63	64.50	10.31
780	13.99	51.38	2.97	4.64	64.46	10.33
781	13.97	51.31	2.98	4.66	64.43	10.36
782	13.96	51.23	2.99	4.66	64.41	10.41
783	13.93	51.14	2.99	4.68	64.41	10.48
784	13.91	51.06	3.00	4.68	64.40	10.54
785	13.89	51.00	3.01	4.69	64.42	10.54
786	13.87	50.94	3.01	4.70	64.37	10.59
787	13.86	50.85	3.02	4.70	64.37	10.63
788	13.84	50.75	3.03	4.72	64.36	10.68
789	13.81	50.64	3.04	4.73	64.32	10.68
790	13.79	50.55	3.04	4.73	64.27	10.75
791	13.75	50.48	3.05	4.75	64.24	10.77
792	13.73	50.39	3.05	4.74	64.19	10.81
793	13.69	50.31	3.06	4.73	64.18	10.82
794	13.66	50.22	3.06	4.74	64.14	10.85
795	13.65	50.12	3.06	4.75	64.10	10.92
796	13.62	50.03	3.05	4.76	64.07	10.98
797	13.58	49.94	3.06	4.75	64.01	11.02
798	13.57	49.84	3.06	4.77	64.00	11.06
799	13.55	49.74	3.07	4.78	63.96	11.10
800	13.54	49.64	3.06	4.77	63.92	11.10
801	13.50	49.54	3.06	4.79	63.89	11.12
802	13.46	49.47	3.07	4.80	63.84	11.18
803	13.44	49.39	3.08	4.80	63.84	11.22
804	13.42	49.30	3.08	4.80	63.77	11.22
805	13.41	49.21	3.07	4.79	63.72	11.31
806	13.39	49.12	3.08	4.81	63.68	11.34
807	13.37	49.05	3.08	4.83	63.64	11.38
808	13.35	48.98	3.08	4.84	63.61	11.40
809	13.34	48.90	3.08	4.85	63.58	11.38
810	13.32	48.82	3.08	4.86	63.50	11.39
811	13.30	48.74	3.09	4.85	63.46	11.38
812	13.26	48.65	3.09	4.86	63.47	11.39
813	13.23	48.57	3.10	4.88	63.44	11.41
814	13.21	48.47	3.11	4.88	63.41	11.42
815	13.18	48.39	3.12	4.91	63.35	11.44
816	13.15	48.30	3.14	4.91	63.30	11.49
817	13.12	48.22	3.14	4.93	63.27	11.53
818	13.11	48.12	3.14	4.93	63.24	11.54
819	13.10	48.03	3.15	4.94	63.22	11.56
820	13.07	47.94	3.15	4.95	63.19	11.55
821	13.06	47.85	3.15	4.95	63.12	11.60
822	13.03	47.74	3.15	4.95	63.06	11.57
823	13.02	47.64	3.15	4.96	63.05	11.63
824	12.99	47.55	3.15	4.96	63.00	11.63
825	12.96	47.48	3.16	4.98	62.93	11.65
826	12.93	47.38	3.17	4.97	62.92	11.65
827	12.91	47.30	3.16	4.98	62.88	11.70
828	12.89	47.22	3.16	4.97	62.87	11.70
829	12.87	47.15	3.16	4.98	62.85	11.74
830	12.84	47.07	3.14	4.98	62.79	11.73
831	12.82	47.00	3.13	4.98	62.74	11.77
832	12.79	46.93	3.13	4.98	62.75	11.80
833	12.77	46.85	3.13	4.99	62.73	11.79
834	12.75	46.78	3.12	4.99	62.69	11.80
835	12.73	46.69	3.13	4.99	62.69	11.76
836	12.71	46.61	3.14	5.00	62.61	11.75
837	12.68	46.53	3.13	5.01	62.60	11.77
838	12.66	46.45	3.14	5.01	62.62	11.76
839	12.64	46.39	3.14	5.02	62.58	11.76
840	12.62	46.32	3.13	5.02	62.52	11.77
841	12.59	46.25	3.12	5.03	62.50	11.80
842	12.57	46.16	3.11	5.03	62.48	11.86
843	12.56	46.08	3.10	5.01	62.44	11.86
844	12.55	46.01	3.10	5.01	62.43	11.81
845	12.54	45.92	3.09	5.00	62.39	11.82
846	12.50	45.81	3.10	5.00	62.38	11.81
847	12.48	45.70	3.10	5.00	62.36	11.83
848	12.46	45.60	3.10	4.98	62.32	11.80
849	12.44	45.49	3.11	4.96	62.30	11.76
850	12.41	45.38	3.12	4.95	62.26	11.80
851	12.39	45.29	3.12	4.95	62.23	11.81
852	12.36	45.18	3.12	4.95	62.22	11.80
853	12.34	45.08	3.11	4.92	62.18	11.76
854	12.30	44.97	3.11	4.92	62.19	11.76
855	12.26	44.86	3.11	4.91	62.20	11.80
856	12.23	44.75	3.10	4.90	62.14	11.81
857	12.21	44.63	3.10	4.89	62.10	11.85
858	12.16	44.51	3.10	4.88	62.01	11.87
859	12.13	44.40	3.09	4.87	62.00	11.90
860	12.10	44.28	3.08	4.86	62.01	11.87
861	12.07	44.17	3.07	4.83	61.95	11.87
862	12.03	44.07	3.07	4.80	61.91	11.85
863	12.02	43.96	3.07	4.77	61.87	11.90
864	11.98	43.82	3.07	4.74	61.84	11.89
865	11.95	43.70	3.06	4.71	61.80	11.90
866	11.93	43.59	3.06	4.68	61.78	11.94
867	11.92	43.47	3.07	4.64	61.73	11.91
868	11.89	43.36	3.06	4.62	61.69	11.89
869	11.84	43.26	3.05	4.60	61.69	11.88
870	11.81	43.13	3.05	4.60	61.65	11.88
871	11.77	43.01	3.04	4.58	61.64	11.88
872	11.74	42.89	3.04	4.56	61.63	11.90
873	11.69	42.79	3.03	4.54	61.59	11.92
874	11.65	42.66	3.03	4.51	61.59	11.92
875	11.60	42.54	3.01	4.49	61.57	11.90
876	11.56	42.42	3.02	4.47	61.54	11.94
877	11.53	42.30	3.01	4.44	61.52	11.92
878	11.50	42.19	3.01	4.43	61.45	11.94
879	11.46	42.07	3.00	4.41	61.42	11.94
880	11.43	41.94	2.99	4.41	61.37	11.94
881	11.41	41.81	2.99	4.38	61.34	11.97
882	11.38	41.68	2.98	4.36	61.32	11.95
883	11.35	41.56	2.98	4.32	61.23	11.98
884	11.31	41.44	2.97	4.29	61.21	12.00
885	11.26	41.32	2.98	4.26	61.19	12.01
886	11.21	41.20	2.99	4.26	61.18	11.98
887	11.17	41.08	2.98	4.23	61.13	11.95
888	11.14	40.95	2.98	4.19	61.11	11.91
889	11.10	40.82	2.98	4.15	61.05	11.90
890	11.06	40.69	2.98	4.12	61.00	11.90
891	11.04	40.57	3.00	4.08	60.96	11.88
892	11.01	40.44	3.01	4.05	60.85	11.87
893	10.97	40.33	3.02	4.03	60.81	11.88
894	10.95	40.20	3.01	4.00	60.73	11.90
895	10.92	40.07	3.01	3.97	60.67	11.88
896	10.88	39.98	3.03	3.95	60.62	11.89
897	10.86	39.88	3.03	3.92	60.55	11.85
898	10.82	39.78	3.03	3.89	60.45	11.80
899	10.79	39.68	3.03	3.85	60.37	11.80
900	10.76	39.58	3.03	3.83	60.32	11.79
901	10.72	39.47	3.03	3.78	60.23	11.73
902	10.68	39.37	3.04	3.75	60.13	11.69
903	10.65	39.27	3.03	3.72	60.06	11.65
904	10.61	39.18	3.04	3.70	60.02	11.64
905	10.57	39.08	3.04	3.66	59.92	11.65
906	10.52	38.98	3.05	3.63	59.85	11.64
907	10.49	38.89	3.06	3.60	59.83	11.61
908	10.44	38.80	3.08	3.56	59.80	11.55
909	10.41	38.71	3.07	3.52	59.71	11.48
910	10.38	38.62	3.07	3.49	59.67	11.47
911	10.32	38.53	3.09	3.46	59.56	11.44
912	10.27	38.45	3.10	3.44	59.49	11.45
913	10.24	38.35	3.09	3.41	59.40	11.46
914	10.19	38.26	3.11	3.39	59.34	11.46
915	10.15	38.19	3.12	3.37	59.27	11.42
916	10.11	38.10	3.12	3.36	59.22	11.39
917	10.07	38.02	3.12	3.36	59.17	11.38
918	10.03	37.93	3.11	3.35	59.15	11.33
919	9.99	37.84	3.11	3.33	59.12	11.32
920	9.94	37.75	3.13	3.31	59.05	11.26
921	9.91	37.68	3.13	3.30	58.96	11.21
922	9.86	37.59	3.11	3.30	58.95	11.21
923	9.81	37.52	3.11	3.30	58.87	11.17
924	9.78	37.43	3.12	3.29	58.83	11.08
925	9.74	37.34	3.11	3.27	58.75	11.04
926	9.69	37.26	3.11	3.26	58.71	11.04
927	9.65	37.18	3.09	3.24	58.63	11.03
928	9.62	37.10	3.08	3.23	58.60	10.99
929	9.57	37.02	3.10	3.23	58.55	10.93
930	9.52	36.94	3.09	3.21	58.54	10.90
931	9.48	36.86	3.07	3.20	58.53	10.91
932	9.43	36.79	3.06	3.19	58.48	10.90
933	9.39	36.72	3.03	3.20	58.41	10.88
934	9.35	36.65	3.03	3.18	58.34	10.83
935	9.31	36.57	3.04	3.15	58.27	10.80
936	9.26	36.51	3.02	3.13	58.21	10.79
937	9.21	36.44	3.01	3.11	58.09	10.72
938	9.18	36.37	3.00	3.08	58.04	10.63
939	9.14	36.30	2.99	3.04	57.98	10.57
940	9.09	36.23	2.98	3.00	57.91	10.54
941	9.03	36.16	2.99	2.98	57.82	10.49
942	8.99	36.10	2.98	2.95	57.69	10.46
943	8.92	36.04	2.97	2.92	57.60	10.45
944	8.89	35.98	2.97	2.89	57.52	10.42
945	8.83	35.93	2.96	2.83	57.46	10.38
946	8.78	35.86	2.96	2.81	57.36	10.38
947	8.74	35.82	2.95	2.77	57.32	10.37
948	8.70	35.76	2.95	2.74	57.25	10.29
949	8.64	35.71	2.95	2.71	57.15	10.30
950	8.61	35.66	2.95	2.66	57.11	10.28
951	8.56	35.62	2.96	2.63	57.02	10.25
952	8.53	35.57	2.96	2.59	56.96	10.17
953	8.47	35.53	2.97	2.55	56.90	10.16
954	8.42	35.49	2.97	2.51	56.85	10.14
955	8.36	35.44	2.97	2.48	56.74	10.09
956	8.32	35.39	2.97	2.44	56.65	10.04
957	8.26	35.36	2.97	2.40	56.57	10.04
958	8.21	35.32	2.98	2.37	56.49	10.00
959	8.18	35.28	2.98	2.34	56.38	9.96
960	8.13	35.24	2.99	2.30	56.27	9.90
961	8.09	35.20	2.99	2.25	56.16	9.83
962	8.05	35.16	3.00	2.22	56.04	9.81
963	8.00	35.13	3.02	2.17	55.96	9.77
964	7.93	35.09	3.03	2.14	55.85	9.77
965	7.88	35.05	3.03	2.11	55.77	9.72
966	7.82	35.01	3.03	2.08	55.70	9.67
967	7.76	34.98	3.04	2.05	55.63	9.63
968	7.72	34.94	3.06	2.02	55.51	9.59
969	7.68	34.91	3.06	2.00	55.43	9.53
970	7.63	34.88	3.08	1.98	55.32	9.51
971	7.58	34.84	3.09	1.94	55.25	9.47
972	7.53	34.80	3.10	1.91	55.19	9.39
973	7.48	34.77	3.12	1.88	55.12	9.36
974	7.42	34.74	3.14	1.85	55.03	9.28
975	7.38	34.71	3.15	1.83	54.96	9.23
976	7.32	34.67	3.16	1.79	54.85	9.13
977	7.27	34.65	3.17	1.77	54.76	9.11
978	7.22	34.62	3.18	1.74	54.70	9.05
979	7.18	34.60	3.17	1.72	54.66	9.00
980	7.11	34.58	3.18	1.69	54.60	8.92
981	7.06	34.55	3.19	1.66	54.52	8.87
982	7.01	34.52	3.21	1.64	54.41	8.82
983	6.95	34.49	3.20	1.62	54.32	8.74
984	6.89	34.46	3.22	1.60	54.23	8.67
985	6.82	34.43	3.23	1.59	54.14	8.63
986	6.76	34.40	3.24	1.57	54.06	8.58
987	6.73	34.38	3.27	1.55	53.97	8.49
988	6.67	34.35	3.27	1.52	53.92	8.42
989	6.61	34.32	3.29	1.50	53.83	8.38
990	6.56	34.30	3.30	1.50	53.72	8.33
991	6.50	34.27	3.32	1.48	53.63	8.26
992	6.43	34.25	3.32	1.47	53.54	8.20
993	6.39	34.23	3.33	1.45	53.45	8.17
994	6.33	34.21	3.34	1.44	53.39	8.11
995	6.26	34.19	3.34	1.42	53.30	8.00
996	6.20	34.17	3.34	1.40	53.21	7.95
997	6.14	34.15	3.34	1.39	53.11	7.90
998	6.07	34.13	3.35	1.38	53.03	7.86
999	6.00	34.11	3.36	1.36	52.97	7.81
1000	5.93	34.09	3.36	1.35	52.89	7.76
1001	5.86	34.07	3.36	1.33	52.88	7.73
1002	5.79	34.05	3.36	1.33	52.80	7.66
1003	5.72	34.04	3.37	1.32	52.71	7.62
1004	5.66	34.03	3.36	1.30	52.64	7.58
1005	5.60	34.01	3.37	1.28	52.57	7.55
1006	5.53	33.99	3.36	1.27	52.52	7.50
1007	5.45	33.98	3.36	1.27	52.48	7.44
1008	5.41	33.96	3.37	1.26	52.44	7.41
1009	5.34	33.95	3.36	1.24	52.37	7.38
1010	5.28	33.94	3.36	1.24	52.30	7.35
1011	5.22	33.93	3.37	1.23	52.23	7.29
1012	5.15	33.92	3.37	1.22	52.17	7.24
1013	5.09	33.91	3.36	1.21	52.10	7.20
1014	5.04	33.90	3.36	1.19	52.02	7.16
1015	4.99	33.89	3.35	1.19	51.96	7.12
1016	4.92	33.88	3.34	1.18	51.89	7.10
1017	4.87	33.87	3.33	1.17	51.82	7.09
1018	4.81	33.86	3.31	1.16	51.78	7.06
1019	4.77	33.86	3.32	1.15	51.74	7.02
1020	4.72	33.85	3.32	1.15	51.69	6.98
1021	4.67	33.84	3.31	1.14	51.64	6.93
1022	4.61	33.83	3.31	1.14	51.61	6.90
1023	4.57	33.83	3.32	1.14	51.55	6.86
1024	4.52	33.83	3.31	1.14	51.46	6.85
1025	4.45	33.83	3.30	1.13	51.40	6.81
1026	4.40	33.83	3.27	1.13	51.35	6.77
1027	4.36	33.82	3.27	1.13	51.31	6.75
1028	4.30	33.82	3.27	1.12	51.28	6.70
1029	4.24	33.81	3.27	1.11	51.21	6.65
1030	4.19	33.81	3.27	1.10	51.19	6.62
1031	4.14	33.81	3.26	1.10	51.14	6.61
1032	4.10	33.81	3.26	1.09	51.10	6.61
1033	4.05	33.79	3.25	1.09	51.06	6.58
1034	4.00	33.79	3.24	1.09	51.00	6.57
1035	3.98	33.79	3.23	1.09	50.97	6.55
1036	3.95	33.79	3.22	1.08	50.94	6.54
1037	3.91	33.79	3.22	1.07	50.90	6.53
1038	3.87	33.79	3.22	1.07	50.85	6.51
1039	3.84	33.78	3.21	1.06	50.83	6.49
1040	3.82	33.78	3.19	1.06	50.80	6.46
1041	3.78	33.78	3.18	1.05	50.78	6.45
1042	3.75	33.77	3.17	1.04	50.76	6.43
1043	3.71	33.77	3.16	1.03	50.74	6.40
1044	3.68	33.77	3.16	1.03	50.68	6.36
1045	3.66	33.77	3.16	1.03	50.68	6.33
1046	3.63	33.77	3.15	1.02	50.64	6.34
1047	3.61	33.77	3.14	1.02	50.61	6.32
1048	3.59	33.77	3.14	1.02	50.61	6.31
1049	3.57	33.76	3.13	1.02	50.57	6.31
1050	3.53	33.76	3.12	1.02	50.57	6.29
1051	3.50	33.76	3.12	1.01	50.57	6.29
1052	3.47	33.76	3.10	1.00	50.57	6.28
1053	3.46	33.76	3.10	1.00	50.54	6.29
1054	3.44	33.77	3.08	1.00	50.55	6.30
1055	3.40	33.77	3.08	1.00	50.51	6.30
1056	3.38	33.77	3.07	1.00	50.49	6.28
1057	3.35	33.78	3.06	1.00	50.44	6.29
1058	3.33	33.78	3.06	1.00	50.41	6.30
1059	3.33	33.78	3.07	0.99	50.41	6.26
1060	3.29	33.78	3.06	0.99	50.40	6.26
1061	3.26	33.78	3.05	0.98	50.41	6.26
1062	3.24	33.79	3.04	0.98	50.42	6.26
1063	3.21	33.79	3.05	0.98	50.40	6.24
1064	3.19	33.79	3.06	0.98	50.41	6.23
1065	3.17	33.79	3.06	0.98	50.39	6.21
1066	3.13	33.80	3.05	0.97	50.39	6.20
1067	3.11	33.80	3.05	0.97	50.41	6.18
1068	3.07	33.81	3.05	0.96	50.43	6.16
1069	3.03	33.81	3.04	0.96	50.43	6.12
1070	3.01	33.81	3.04	0.96	50.44	6.12
1071	2.98	33.81	3.04	0.96	50.43	6.08
1072	2.96	33.81	3.04	0.96	50.41	6.05
1073	2.94	33.81	3.03	0.95	50.43	6.03
1074	2.89	33.81	3.03	0.94	50.42	6.03
1075	2.87	33.81	3.05	0.95	50.42	6.02
1076	2.84	33.81	3.04	0.95	50.41	6.03
1077	2.83	33.81	3.04	0.95	50.38	6.04
1078	2.82	33.81	3.05	0.94	50.37	6.04
1079	2.79	33.81	3.05	0.94	50.38	6.02
1080	2.75	33.82	3.05	0.94	50.39	6.00
1081	2.73	33.82	3.05	0.94	50.40	6.00
1082	2.70	33.82	3.07	0.93	50.43	6.00
1083	2.67	33.82	3.06	0.93	50.44	5.97
1084	2.64	33.83	3.06	0.93	50.45	5.97
1085	2.61	33.83	3.08	0.93	50.47	5.97
1086	2.58	33.83	3.10	0.93	50.49	5.94
1087	2.55	33.83	3.11	0.92	50.49	5.95
1088	2.51	33.83	3.13	0.92	50.51	5.93
1089	2.49	33.83	3.13	0.92	50.50	5.94
1090	2.45	33.84	3.15	0.92	50.53	5.95
1091	2.41	33.84	3.16	0.92	50.56	5.94
1092	2.38	33.84	3.18	0.92	50.60	5.93
1093	2.35	33.84	3.21	0.92	50.62	5.95
1094	2.30	33.85	3.23	0.92	50.68	5.95
1095	2.27	33.85	3.25	0.92	50.71	5.95
1096	2.23	33.85	3.28	0.91	50.74	5.95
1097	2.19	33.85	3.30	0.91	50.77	5.95
1098	2.13	33.86	3.32	0.91	50.81	5.94
1099	2.07	33.86	3.35	0.92	50.85	5.94
1100	2.04	33.86	3.37	0.92	50.90	5.95
1101	1.98	33.86	3.39	0.92	50.94	5.96
1102	1.93	33.86	3.42	0.92	51.00	5.95
1103	1.88	33.86	3.44	0.92	51.04	5.95
1104	1.84	33.86	3.46	0.92	51.10	5.96
1105	1.79	33.86	3.47	0.92	51.13	5.96
1106	1.74	33.87	3.51	0.92	51.18	5.95
1107	1.68	33.87	3.52	0.91	51.24	5.95
1108	1.62	33.87	3.53	0.91	51.29	5.94
1109	1.55	33.88	3.55	0.91	51.37	5.93
1110	1.48	33.88	3.57	0.91	51.44	5.93
1111	1.41	33.88	3.59	0.92	51.52	5.93
1112	1.33	33.88	3.61	0.92	51.59	5.95
1113	1.27	33.88	3.63	0.92	51.67	5.94
1114	1.19	33.88	3.65	0.92	51.73	5.93
1115	1.12	33.89	3.67	0.92	51.80	5.91
1116	1.04	33.88	3.69	0.92	51.85	5.91
1117	0.97	33.89	3.72	0.92	51.92	5.89
1118	0.91	33.89	3.73	0.92	51.99	5.88
1119	0.84	33.89	3.74	0.92	52.07	5.86
1120	0.76	33.89	3.76	0.92	52.15	5.84
1121	0.67	33.89	3.77	0.92	52.23	5.83
1122	0.58	33.89	3.79	0.92	52.32	5.83
1123	0.50	33.89	3.80	0.92	52.41	5.81
1124	0.42	33.89	3.82	0.91	52.48	5.80
1125	0.33	33.89	3.83	0.91	52.56	5.80
1126	0.24	33.89	3.84	0.90	52.67	5.78
1127	0.15	33.89	3.85	0.90	52.79	5.79
1128	0.06	33.89	3.85	0.90	52.89	5.80
1129	-0.02	33.89	3.85	0.90	52.99	5.80
1130	-0.11	33.89	3.85	0.90	53.12	5.77
1131	-0.20	33.88	3.85	0.90	53.22	5.77
1132	-0.29	33.88	3.85	0.90	53.32	5.75
1133	-0.38	33.88	3.85	0.90	53.43	5.72
1134	-0.47	33.88	3.85	0.90	53.53	5.71
1135	-0.56	33.88	3.85	0.90	53.63	5.70
1136	-0.65	33.88	3.87	0.90	53.72	5.69
1137	-0.74	33.88	3.87	0.90	53.84	5.66
1138	-0.84	33.87	3.85	0.90	53.96	5.64
1139	-0.94	33.87	3.83	0.90	54.08	5.62
1140	-1.03	33.87	3.82	0.90	54.20	5.62
1141	-1.13	33.87	3.80	0.90	54.30	5.57
1142	-1.22	33.87	3.80	0.90	54.41	5.58
1143	-1.31	33.87	3.78	0.91	54.53	5.54
1144	-1.40	33.87	3.76	0.91	54.63	5.54
1145	-1.49	33.86	3.74	0.91	54.73	5.49
1146	-1.57	33.86	3.72	0.90	54.81	5.44
1147	-1.66	33.85	3.70	0.90	54.94	5.44
1148	-1.74	33.85	3.68	0.90	55.06	5.43
1149	-1.83	33.85	3.66	0.90	55.18	5.42
1150	-1.92	33.84	3.64	0.90	55.30	5.38
1151	-2.01	33.84	3.62	0.90	55.42	5.35
1152	-2.09	33.84	3.59	0.90	55.54	5.33
1153	-2.17	33.83	3.56	0.90	55.66	5.28
1154	-2.26	33.83	3.53	0.90	55.78	5.25
1155	-2.35	33.82	3.51	0.90	55.89	5.19
1156	-2.43	33.82	3.48	0.90	56.01	5.15
1157	-2.51	33.82	3.44	0.90	56.11	5.10
1158	-2.59	33.82	3.40	0.91	56.22	5.08
1159	-2.68	33.81	3.36	0.91	56.34	5.04
1160	-2.75	33.81	3.32	0.90	56.46	5.00
1161	-2.83	33.81	3.29	0.90	56.55	4.93
1162	-2.91	33.81	3.25	0.90	56.65	4.88
1163	-2.98	33.80	3.21	0.90	56.74	4.86
1164	-3.05	33.79	3.18	0.90	56.84	4.82
1165	-3.11	33.79	3.14	0.90	56.94	4.76
1166	-3.19	33.79	3.10	0.90	57.04	4.73
1167	-3.26	33.78	3.07	0.90	57.13	4.68
1168	-3.31	33.78	3.03	0.90	57.23	4.63
1169	-3.37	33.77	2.99	0.91	57.34	4.58
1170	-3.42	33.76	2.95	0.91	57.43	4.53
1171	-3.46	33.76	2.92	0.92	57.52	4.48
1172	-3.51	33.76	2.88	0.92	57.63	4.44
1173	-3.56	33.75	2.84	0.92	57.71	4.40
1174	-3.59	33.75	2.79	0.92	57.79	4.36
1175	-3.64	33.75	2.75	0.92	57.87	4.33
1176	-3.67	33.74	2.71	0.93	57.95	4.30
1177	-3.71	33.74	2.67	0.92	58.04	4.26
1178	-3.75	33.73	2.62	0.92	58.13	4.21
1179	-3.78	33.73	2.58	0.92	58.20	4.16
1180	-3.81	33.72	2.54	0.93	58.30	4.13
1181	-3.85	33.71	2.51	0.92	58.39	4.08
1182	-3.87	33.71	2.46	0.92	58.46	4.06
1183	-3.90	33.70	2.43	0.93	58.54	4.02
1184	-3.93	33.69	2.39	0.93	58.60	3.97
1185	-3.94	33.69	2.35	0.93	58.69	3.93
1186	-3.96	33.69	2.33	0.93	58.75	3.89
1187	-3.99	33.68	2.29	0.93	58.81	3.85
1188	-4.00	33.68	2.25	0.94	58.88	3.82
1189	-4.01	33.66	2.22	0.94	58.95	3.78
1190	-4.01	33.66	2.19	0.94	59.01	3.74
1191	-4.02	33.65	2.16	0.95	59.08	3.68
1192	-4.02	33.64	2.14	0.95	59.13	3.64
1193	-4.01	33.64	2.12	0.96	59.18	3.63
1194	-4.02	33.63	2.09	0.96	59.23	3.59
1195	-4.02	33.63	2.08	0.96	59.29	3.56
1196	-4.02	33.62	2.05	0.96	59.34	3.53
1197	-4.04	33.61	2.02	0.97	59.37	3.51
1198	-4.03	33.60	2.00	0.97	59.41	3.50
1199	-4.02	33.59	1.99	0.98	59.47	3.46
1200	-4.03	33.58	1.97	0.98	59.52	3.43
1201	-4.04	33.57	1.96	0.98	59.59	3.41
1202	-4.03	33.56	1.96	0.99	59.61	3.42
1203	-4.02	33.55	1.94	1.00	59.65	3.38
1204	-4.01	33.54	1.93	1.00	59.68	3.36
1205	-3.98	33.53	1.93	1.01	59.72	3.34
1206	-3.98	33.52	1.92	1.01	59.77	3.34
1207	-3.96	33.51	1.91	1.02	59.81	3.32
1208	-3.93	33.50	1.90	1.02	59.83	3.29
1209	-3.91	33.49	1.90	1.03	59.87	3.29
1210	-3.89	33.48	1.91	1.03	59.90	3.27
1211	-3.87	33.47	1.93	1.04	59.94	3.25
1212	-3.84	33.46	1.95	1.05	59.98	3.25
1213	-3.81	33.45	1.96	1.05	60.02	3.25
1214	-3.80	33.44	1.96	1.05	60.05	3.23
1215	-3.77	33.43	1.98	1.05	60.07	3.23
1216	-3.74	33.42	1.99	1.06	60.11	3.24
1217	-3.72	33.40	2.01	1.06	60.12	3.25
1218	-3.69	33.39	2.04	1.07	60.15	3.25
1219	-3.66	33.38	2.05	1.07	60.17	3.25
1220	-3.63	33.37	2.09	1.07	60.19	3.24
1221	-3.58	33.36	2.11	1.08	60.21	3.24
1222	-3.55	33.35	2.13	1.08	60.23	3.25
1223	-3.51	33.34	2.16	1.09	60.24	3.26
1224	-3.48	33.33	2.20	1.09	60.26	3.26
1225	-3.42	33.32	2.24	1.10	60.27	3.29
1226	-3.37	33.30	2.27	1.11	60.29	3.29
1227	-3.33	33.29	2.30	1.12	60.32	3.31
1228	-3.27	33.28	2.35	1.12	60.34	3.33
1229	-3.22	33.27	2.37	1.12	60.34	3.34
1230	-3.15	33.26	2.40	1.13	60.35	3.36
1231	-3.10	33.25	2.44	1.14	60.37	3.38
1232	-3.04	33.24	2.48	1.15	60.39	3.41
1233	-2.97	33.23	2.51	1.15	60.40	3.43
1234	-2.91	33.22	2.54	1.16	60.40	3.44
1235	-2.83	33.21	2.57	1.17	60.42	3.45
1236	-2.75	33.20	2.61	1.17	60.44	3.46
1237	-2.67	33.18	2.66	1.18	60.42	3.48
1238	-2.59	33.17	2.67	1.18	60.43	3.51
1239	-2.50	33.17	2.71	1.19	60.43	3.54
1240	-2.42	33.15	2.74	1.19	60.44	3.58
1241	-2.34	33.14	2.75	1.20	60.43	3.62
1242	-2.25	33.13	2.77	1.20	60.43	3.65
1243	-2.15	33.12	2.80	1.21	60.43	3.70
1244	-2.04	33.11	2.83	1.22	60.44	3.73
1245	-1.94	33.11	2.86	1.22	60.43	3.77
1246	-1.83	33.10	2.89	1.22	60.42	3.79
1247	-1.72	33.08	2.91	1.23	60.41	3.84
1248	-1.62	33.07	2.95	1.24	60.40	3.87
1249	-1.50	33.06	2.98	1.24	60.39	3.94
1250	-1.38	33.05	3.01	1.25	60.40	4.00
1251	-1.27	33.03	3.03	1.25	60.40	4.04
1252	-1.16	33.03	3.06	1.26	60.41	4.08
1253	-1.04	33.02	3.08	1.26	60.40	4.15
1254	-0.91	33.00	3.10	1.27	60.41	4.18
1255	-0.80	33.00	3.12	1.28	60.39	4.23
1256	-0.68	32.99	3.14	1.29	60.38	4.29
1257	-0.56	32.98	3.15	1.29	60.37	4.37
1258	-0.43	32.97	3.17	1.30	60.36	4.43
1259	-0.31	32.96	3.19	1.31	60.34	4.50
1260	-0.17	32.94	3.20	1.31	60.32	4.55
1261	-0.05	32.92	3.21	1.32	60.31	4.60
1262	0.09	32.91	3.22	1.33	60.29	4.68
1263	0.23	32.90	3.22	1.33	60.28	4.73
1264	0.36	32.89	3.24	1.34	60.24	4.80
1265	0.49	32.87	3.26	1.35	60.22	4.87
1266	0.61	32.86	3.27	1.35	60.19	4.95
1267	0.75	32.85	3.28	1.36	60.19	5.01
1268	0.89	32.84	3.28	1.37	60.17	5.08
1269	1.01	32.82	3.30	1.37	60.13	5.16
1270	1.14	32.81	3.30	1.38	60.11	5.23
1271	1.29	32.80	3.31	1.38	60.09	5.30
1272	1.44	32.79	3.33	1.39	60.08	5.38
1273	1.59	32.78	3.34	1.40	60.05	5.46
1274	1.72	32.77	3.34	1.41	60.02	5.55
1275	1.87	32.77	3.35	1.41	59.98	5.61
1276	2.00	32.75	3.35	1.42	59.94	5.67
1277	2.14	32.74	3.36	1.43	59.92	5.76
1278	2.27	32.74	3.37	1.44	59.87	5.83
1279	2.42	32.73	3.37	1.44	59.84	5.90
1280	2.57	32.71	3.37	1.45	59.80	5.96
1281	2.71	32.71	3.37	1.46	59.78	6.02
1282	2.86	32.70	3.38	1.46	59.74	6.09
1283	3.00	32.69	3.39	1.47	59.71	6.15
1284	3.15	32.68	3.38	1.48	59.68	6.21
1285	3.29	32.67	3.38	1.49	59.65	6.29
1286	3.44	32.67	3.38	1.50	59.61	6.35
1287	3.58	32.66	3.37	1.51	59.58	6.40
1288	3.71	32.66	3.37	1.52	59.52	6.47
1289	3.83	32.64	3.38	1.52	59.48	6.55
1290	3.95	32.64	3.38	1.53	59.44	6.61
1291	4.08	32.63	3.38	1.53	59.37	6.67
1292	4.21	32.61	3.38	1.53	59.32	6.73
1293	4.34	32.61	3.38	1.54	59.26	6.79
1294	4.48	32.60	3.37	1.55	59.19	6.84
1295	4.61	32.59	3.37	1.56	59.12	6.91
1296	4.74	32.59	3.35	1.57	59.06	6.97
1297	4.86	32.58	3.33	1.58	59.02	7.02
1298	4.99	32.57	3.33	1.58	58.96	7.08
1299	5.10	32.56	3.31	1.59	58.90	7.16
1300	5.22	32.56	3.31	1.60	58.85	7.22
1301	5.34	32.56	3.30	1.61	58.79	7.29
1302	5.45	32.55	3.29	1.61	58.73	7.37
1303	5.57	32.54	3.27	1.62	58.67	7.43
1304	5.69	32.54	3.26	1.63	58.60	7.49
1305	5.81	32.54	3.23	1.64	58.55	7.56
1306	5.94	32.54	3.23	1.65	58.49	7.61
1307	6.06	32.53	3.21	1.65	58.44	7.66
1308	6.16	32.53	3.19	1.66	58.38	7.72
1309	6.27	32.53	3.16	1.67	58.31	7.77
1310	6.36	32.53	3.14	1.67	58.24	7.84
1311	6.46	32.53	3.12	1.68	58.16	7.89
1312	6.56	32.54	3.10	1.69	58.09	7.94
1313	6.66	32.53	3.08	1.70	58.04	8.01
1314	6.75	32.53	3.05	1.71	57.97	8.07
1315	6.85	32.53	3.03	1.71	57.90	8.12
1316	6.93	32.54	3.00	1.71	57.84	8.14
1317	7.03	32.54	2.98	1.72	57.77	8.18
1318	7.12	32.55	2.96	1.73	57.71	8.22
1319	7.21	32.55	2.94	1.74	57.63	8.29
1320	7.29	32.55	2.92	1.74	57.56	8.34
1321	7.38	32.54	2.89	1.75	57.50	8.41
1322	7.47	32.54	2.88	1.76	57.45	8.46
1323	7.56	32.53	2.85	1.77	57.39	8.51
1324	7.63	32.54	2.82	1.77	57.31	8.56
1325	7.70	32.54	2.80	1.79	57.23	8.60
1326	7.78	32.55	2.77	1.80	57.14	8.61
1327	7.85	32.55	2.74	1.82	57.08	8.63
1328	7.92	32.55	2.71	1.83	57.01	8.65
1329	7.99	32.56	2.68	1.85	56.93	8.68
1330	8.06	32.56	2.65	1.86	56.87	8.72
1331	8.14	32.57	2.62	1.88	56.80	8.79
1332	8.20	32.57	2.60	1.90	56.73	8.84
1333	8.26	32.58	2.58	1.91	56.65	8.88
1334	8.33	32.58	2.56	1.93	56.56	8.90
1335	8.39	32.58	2.54	1.95	56.49	8.93
1336	8.45	32.59	2.52	1.96	56.41	8.95
1337	8.49	32.59	2.49	1.98	56.33	8.95
1338	8.53	32.60	2.47	2.01	56.23	8.96
1339	8.57	32.60	2.44	2.03	56.13	8.98
1340	8.62	32.60	2.41	2.06	56.05	9.01
1341	8.67	32.60	2.38	2.07	55.96	9.04
1342	8.71	32.60	2.37	2.10	55.86	9.06
1343	8.76	32.61	2.35	2.11	55.78	9.07
1344	8.81	32.63	2.33	2.13	55.69	9.05
1345	8.85	32.62	2.30	2.16	55.59	9.09
1346	8.89	32.63	2.28	2.18	55.49	9.11
1347	8.94	32.63	2.26	2.21	55.40	9.15
1348	8.98	32.65	2.24	2.25	55.30	9.17
1349	9.01	32.65	2.22	2.27	55.22	9.19
1350	9.04	32.66	2.20	2.30	55.13	9.20
1351	9.06	32.65	2.19	2.32	55.04	9.22
1352	9.07	32.68	2.17	2.34	54.96	9.24
1353	9.10	32.69	2.16	2.37	54.87	9.26
1354	9.12	32.70	2.15	2.40	54.82	9.27
1355	9.13	32.71	2.14	2.43	54.72	9.28
1356	9.14	32.71	2.12	2.47	54.64	9.28
1357	9.17	32.73	2.11	2.49	54.55	9.28
1358	9.17	32.75	2.09	2.53	54.48	9.27
1359	9.18	32.75	2.08	2.55	54.41	9.26
1360	9.20	32.77	2.06	2.59	54.34	9.26
1361	9.20	32.77	2.05	2.63	54.25	9.24
1362	9.20	32.79	2.05	2.68	54.18	9.25
1363	9.20	32.80	2.04	2.73	54.08	9.23
1364	9.20	32.81	2.03	2.77	53.98	9.22
1365	9.20	32.82	2.03	2.81	53.89	9.24
1366	9.19	32.84	2.02	2.85	53.81	9.24
1367	9.18	32.86	2.01	2.90	53.73	9.27
1368	9.17	32.88	2.01	2.94	53.66	9.26
1369	9.16	32.89	2.01	2.99	53.57	9.25
1370	9.15	32.90	2.01	3.04	53.47	9.25
1371	9.13	32.92	2.00	3.09	53.36	9.23
1372	9.11	32.92	2.00	3.14	53.28	9.19
1373	9.10	32.95	2.00	3.20	53.19	9.16
1374	9.09	32.97	2.00	3.24	53.10	9.16
1375	9.06	32.97	2.00	3.30	53.01	9.15
1376	9.05	32.99	2.01	3.35	52.92	9.14
1377	9.02	33.01	2.01	3.41	52.85	9.13
1378	8.99	33.03	2.01	3.45	52.76	9.10
1379	8.97	33.04	2.02	3.50	52.67	9.10
1380	8.94	33.06	2.03	3.55	52.59	9.09
1381	8.90	33.10	2.03	3.61	52.50	9.06
1382	8.89	33.13	2.04	3.66	52.39	9.04
1383	8.85	33.17	2.05	3.72	52.32	9.02
1384	8.82	33.19	2.06	3.78	52.24	8.98
1385	8.79	33.22	2.06	3.83	52.14	8.94
1386	8.75	33.25	2.07	3.89	52.06	8.93
1387	8.70	33.26	2.07	3.96	51.97	8.93
1388	8.66	33.29	2.08	4.02	51.89	8.91
1389	8.61	33.32	2.09	4.08	51.78	8.86
1390	8.56	33.35	2.10	4.15	51.64	8.83
1391	8.50	33.36	2.11	4.21	51.53	8.81
1392	8.45	33.38	2.12	4.27	51.43	8.78
1393	8.40	33.42	2.13	4.33	51.34	8.76
1394	8.34	33.45	2.14	4.39	51.22	8.75
1395	8.28	33.48	2.15	4.45	51.11	8.73
1396	8.22	33.50	2.16	4.51	51.00	8.69
1397	8.16	33.53	2.16	4.59	50.92	8.68
1398	8.11	33.55	2.18	4.65	50.82	8.64
1399	8.05	33.56	2.19	4.71	50.72	8.63
1400	7.97	33.59	2.20	4.78	50.62	8.62
1401	7.91	33.63	2.21	4.84	50.52	8.59
1402	7.85	33.68	2.23	4.90	50.44	8.55
1403	7.78	33.72	2.23	4.96	50.35	8.50
1404	7.72	33.73	2.25	5.01	50.27	8.47
1405	7.65	33.76	2.25	5.06	50.17	8.43
1406	7.59	33.78	2.27	5.11	50.10	8.42
1407	7.52	33.81	2.28	5.16	49.99	8.37
1408	7.45	33.84	2.29	5.23	49.89	8.32
1409	7.37	33.87	2.30	5.30	49.78	8.28
1410	7.29	33.89	2.31	5.35	49.67	8.29
1411	7.20	33.93	2.31	5.42	49.57	8.26
1412	7.12	33.97	2.33	5.48	49.47	8.23
1413	7.04	34.02	2.34	5.54	49.35	8.18
1414	6.97	34.07	2.36	5.60	49.24	8.15
1415	6.89	34.11	2.37	5.66	49.14	8.11
1416	6.81	34.13	2.38	5.72	49.04	8.09
1417	6.74	34.19	2.38	5.77	48.93	8.07
1418	6.65	34.24	2.39	5.82	48.82	8.04
1419	6.56	34.29	2.40	5.88	48.77	8.02
1420	6.47	34.34	2.41	5.93	48.67	7.99
1421	6.39	34.41	2.42	5.97	48.60	7.97
1422	6.30	34.44	2.43	6.02	48.51	7.95
1423	6.21	34.49	2.44	6.07	48.41	7.90
1424	6.12	34.54	2.45	6.12	48.31	7.90
1425	6.03	34.57	2.47	6.16	48.22	7.86
1426	5.95	34.66	2.47	6.22	48.13	7.82
1427	5.85	34.70	2.48	6.27	48.04	7.78
1428	5.76	34.74	2.50	6.31	47.94	7.75
1429	5.68	34.78	2.51	6.37	47.84	7.71
1430	5.59	34.82	2.52	6.44	47.74	7.67
1431	5.51	34.87	2.53	6.49	47.65	7.63
1432	5.41	34.92	2.55	6.53	47.52	7.59
1433	5.32	34.97	2.55	6.57	47.47	7.58
1434	5.24	35.03	2.57	6.62	47.37	7.56
1435	5.14	35.08	2.60	6.67	47.29	7.52
1436	5.05	35.14	2.60	6.71	47.22	7.47
1437	4.95	35.21	2.61	6.76	47.12	7.44
1438	4.85	35.26	2.62	6.80	47.03	7.40
1439	4.76	35.31	2.62	6.84	46.94	7.40
1440	4.66	35.37	2.62	6.88	46.84	7.38
1441	4.56	35.43	2.63	6.91	46.75	7.38
1442	4.47	35.48	2.64	6.96	46.65	7.33
1443	4.37	35.55	2.65	6.99	46.59	7.28
1444	4.28	35.61	2.64	7.03	46.51	7.24
1445	4.19	35.67	2.65	7.06	46.42	7.21
1446	4.08	35.71	2.66	7.10	46.35	7.18
1447	3.98	35.75	2.67	7.14	46.28	7.15
1448	3.88	35.81	2.68	7.16	46.18	7.10
1449	3.79	35.90	2.68	7.18	46.12	7.07
1450	3.69	35.95	2.69	7.21	46.04	7.04
1451	3.59	36.03	2.70	7.24	45.96	7.00
1452	3.50	36.10	2.70	7.27	45.90	6.98
1453	3.41	36.16	2.70	7.31	45.83	6.95
1454	3.30	36.22	2.70	7.33	45.75	6.93
1455	3.21	36.30	2.71	7.35	45.68	6.91
1456	3.11	36.39	2.72	7.37	45.59	6.86
1457	3.01	36.47	2.72	7.38	45.53	6.85
1458	2.91	36.55	2.73	7.40	45.46	6.81
1459	2.81	36.62	2.73	7.42	45.39	6.78
1460	2.71	36.70	2.73	7.43	45.34	6.76
1461	2.62	36.78	2.72	7.45	45.28	6.72
1462	2.53	36.85	2.72	7.46	45.22	6.69
1463	2.43	36.94	2.72	7.47	45.14	6.66
1464	2.34	37.03	2.72	7.49	45.09	6.66
1465	2.24	37.12	2.71	7.50	45.01	6.64
1466	2.14	37.20	2.71	7.51	44.93	6.63
1467	2.06	37.27	2.71	7.52	44.87	6.60
1468	1.96	37.34	2.71	7.52	44.80	6.57
1469	1.87	37.40	2.70	7.52	44.73	6.53
1470	1.78	37.50	2.70	7.52	44.69	6.50
1471	1.69	37.60	2.69	7.51	44.63	6.47
1472	1.60	37.71	2.68	7.50	44.57	6.44
1473	1.52	37.82	2.67	7.49	44.53	6.41
1474	1.44	37.89	2.67	7.48	44.46	6.38
1475	1.35	37.98	2.66	7.48	44.39	6.33
1476	1.26	38.08	2.65	7.47	44.32	6.30
1477	1.18	38.20	2.65	7.46	44.27	6.29
1478	1.09	38.30	2.64	7.44	44.21	6.25
1479	1.01	38.40	2.63	7.42	44.14	6.24
1480	0.93	38.47	2.62	7.40	44.07	6.20
1481	0.85	38.59	2.61	7.37	44.01	6.18
1482	0.77	38.70	2.59	7.35	43.97	6.14
1483	0.69	38.80	2.57	7.32	43.92	6.10
1484	0.61	38.92	2.56	7.30	43.89	6.08
1485	0.53	39.02	2.56	7.27	43.85	6.03
1486	0.46	39.15	2.55	7.24	43.82	6.00
1487	0.38	39.26	2.53	7.21	43.77	5.96
1488	0.30	39.36	2.52	7.18	43.74	5.94
1489	0.23	39.45	2.51	7.13	43.70	5.88
1490	0.15	39.55	2.50	7.09	43.67	5.83
1491	0.08	39.65	2.49	7.05	43.63	5.78
1492	0.01	39.76	2.48	7.01	43.61	5.74
1493	-0.06	39.87	2.46	6.97	43.58	5.70
1494	-0.12	39.97	2.45	6.93	43.54	5.65
1495	-0.19	40.10	2.44	6.89	43.49	5.62
1496	-0.25	40.22	2.42	6.84	43.47	5.57
1497	-0.32	40.32	2.41	6.78	43.44	5.53
1498	-0.38	40.43	2.40	6.72	43.42	5.48
1499	-0.45	40.55	2.38	6.67	43.38	5.42
1500	-0.51	40.65	2.37	6.61	43.35	5.39
1501	-0.56	40.78	2.35	6.55	43.31	5.35
1502	-0.61	40.89	2.32	6.49	43.27	5.30
1503	-0.67	41.01	2.30	6.43	43.22	5.24
1504	-0.73	41.11	2.28	6.36	43.19	5.20
1505	-0.78	41.23	2.27	6.29	43.15	5.15
1506	-0.83	41.34	2.24	6.22	43.12	5.10
1507	-0.87	41.44	2.21	6.14	43.08	5.05
1508	-0.92	41.54	2.19	6.06	43.03	4.99
1509	-0.96	41.66	2.17	5.97	42.99	4.94
1510	-1.00	41.78	2.15	5.89	42.95	4.90
1511	-1.04	41.91	2.13	5.81	42.91	4.84
1512	-1.07	42.02	2.11	5.72	42.85	4.81
1513	-1.11	42.14	2.09	5.63	42.82	4.77
1514	-1.14	42.23	2.06	5.55	42.80	4.74
1515	-1.18	42.35	2.04	5.47	42.78	4.70
1516	-1.21	42.47	2.02	5.39	42.73	4.65
1517	-1.25	42.60	2.00	5.30	42.70	4.61
1518	-1.27	42.72	1.97	5.21	42.66	4.56
1519	-1.30	42.84	1.95	5.12	42.64	4.53
1520	-1.32	42.96	1.93	5.03	42.60	4.48
1521	-1.35	43.08	1.91	4.94	42.57	4.44
1522	-1.37	43.21	1.88	4.86	42.53	4.39
1523	-1.39	43.31	1.87	4.76	42.51	4.34
1524	-1.40	43.43	1.85	4.67	42.47	4.30
1525	-1.40	43.53	1.83	4.57	42.46	4.27
1526	-1.41	43.64	1.81	4.47	42.42	4.23
1527	-1.43	43.75	1.79	4.38	42.39	4.19
1528	-1.44	43.86	1.77	4.28	42.35	4.16
1529	-1.45	43.98	1.75	4.17	42.32	4.14
1530	-1.45	44.09	1.72	4.06	42.29	4.10
1531	-1.45	44.21	1.71	3.95	42.25	4.06
1532	-1.44	44.32	1.68	3.85	42.21	4.04
1533	-1.43	44.41	1.66	3.74	42.18	4.01
1534	-1.43	44.53	1.65	3.63	42.16	3.98
1535	-1.41	44.64	1.63	3.52	42.11	3.93
1536	-1.40	44.70	1.62	3.42	42.07	3.90
1537	-1.39	44.80	1.61	3.31	42.04	3.87
1538	-1.38	44.87	1.60	3.20	42.01	3.84
1539	-1.36	44.95	1.58	3.09	41.99	3.79
1540	-1.34	45.03	1.57	2.97	41.96	3.79
1541	-1.31	45.10	1.55	2.86	41.95	3.76
1542	-1.29	45.19	1.54	2.74	41.92	3.75
1543	-1.26	45.28	1.53	2.63	41.89	3.73
1544	-1.23	45.34	1.52	2.53	41.88	3.70
1545	-1.20	45.39	1.51	2.43	41.87	3.68
1546	-1.16	45.45	1.51	2.32	41.84	3.67
1547	-1.12	45.52	1.50	2.22	41.80	3.64
1548	-1.08	45.57	1.48	2.11	41.76	3.62
1549	-1.03	45.63	1.48	2.04	41.75	3.59
1550	-0.99	45.68	1.48	1.96	41.71	3.56
1551	-0.94	45.70	1.47	1.87	41.66	3.54
1552	-0.90	45.74	1.46	1.79	41.64	3.53
1553	-0.86	45.78	1.45	1.72	41.62	3.51
1554	-0.81	45.81	1.45	1.64	41.59	3.51
1555	-0.75	45.84	1.44	1.61	41.56	3.50
1556	-0.70	45.85	1.43	1.57	41.54	3.48
1557	-0.63	45.88	1.42	1.54	41.51	3.48
1558	-0.57	45.90	1.42	1.52	41.49	3.45
1559	-0.50	45.90	1.41	1.51	41.45	3.46
1560	-0.43	45.90	1.41	1.52	41.42	3.46
1561	-0.37	45.90	1.40	1.54	41.39	3.46
1562	-0.30	45.90	1.40	1.58	41.35	3.44
1563	-0.22	45.88	1.41	1.63	41.32	3.42
1564	-0.16	45.88	1.40	1.69	41.28	3.41
1565	-0.08	45.85	1.40	1.75	41.25	3.40
1566	-0.01	45.82	1.41	1.82	41.21	3.38
1567	0.09	45.79	1.42	1.89	41.18	3.38
1568	0.17	45.75	1.43	1.96	41.13	3.38
1569	0.27	45.70	1.44	2.06	41.09	3.37
1570	0.37	45.65	1.45	2.14	41.06	3.39
1571	0.47	45.63	1.47	2.24	41.03	3.39
1572	0.56	45.55	1.48	2.31	40.97	3.38
1573	0.67	45.46	1.50	2.40	40.94	3.38
1574	0.78	45.42	1.51	2.48	40.91	3.40
1575	0.88	45.32	1.53	2.56	40.89	3.42
1576	0.99	45.22	1.55	2.65	40.83	3.42
1577	1.10	45.12	1.57	2.73	40.78	3.43
1578	1.21	45.05	1.60	2.81	40.75	3.44
1579	1.33	44.94	1.62	2.89	40.71	3.44
1580	1.45	44.81	1.65	2.97	40.66	3.46
1581	1.57	44.74	1.68	3.05	40.63	3.48
1582	1.70	44.66	1.70	3.13	40.58	3.50
1583	1.83	44.57	1.73	3.21	40.53	3.50
1584	1.97	44.54	1.75	3.28	40.51	3.53
1585	2.10	44.57	1.78	3.36	40.48	3.53
1586	2.25	44.59	1.80	3.43	40.43	3.54
1587	2.38	44.59	1.84	3.50	40.38	3.56
1588	2.53	44.61	1.87	3.56	40.34	3.58
1589	2.67	44.62	1.89	3.62	40.30	3.59
1590	2.82	44.63	1.92	3.68	40.25	3.61
1591	2.96	44.66	1.95	3.75	40.20	3.63
1592	3.10	44.72	1.97	3.81	40.15	3.64
1593	3.25	44.76	1.99	3.87	40.09	3.68
1594	3.40	44.81	2.02	3.91	40.03	3.69
1595	3.55	44.85	2.04	3.96	39.98	3.72
1596	3.69	44.91	2.06	4.01	39.94	3.74
1597	3.84	44.96	2.07	4.06	39.89	3.76
1598	3.99	45.01	2.09	4.10	39.84	3.79
1599	4.13	45.06	2.11	4.13	39.78	3.79
1600	4.28	45.11	2.13	4.17	39.73	3.81
1601	4.42	45.16	2.15	4.20	39.69	3.83
1602	4.56	45.20	2.16	4.23	39.63	3.84
1603	4.70	45.25	2.18	4.25	39.57	3.84
1604	4.84	45.29	2.19	4.27	39.52	3.87
1605	4.97	45.34	2.21	4.29	39.48	3.88
1606	5.11	45.39	2.22	4.30	39.41	3.90
1607	5.24	45.43	2.22	4.31	39.35	3.93
1608	5.38	45.50	2.23	4.31	39.30	3.95
1609	5.51	45.57	2.24	4.32	39.26	3.95
1610	5.64	45.62	2.24	4.32	39.21	3.96
1611	5.77	45.69	2.24	4.31	39.15	3.97
1612	5.89	45.75	2.24	4.31	39.10	3.98
1613	6.00	45.80	2.24	4.31	39.05	4.00
1614	6.12	45.88	2.23	4.29	39.00	4.03
1615	6.24	45.94	2.22	4.27	38.96	4.03
1616	6.35	46.00	2.21	4.25	38.90	4.05
1617	6.46	46.06	2.20	4.23	38.86	4.05
1618	6.55	46.14	2.18	4.20	38.79	4.06
1619	6.64	46.21	2.17	4.16	38.74	4.05
1620	6.73	46.30	2.16	4.13	38.67	4.05
1621	6.82	46.37	2.13	4.09	38.63	4.05
1622	6.91	46.44	2.11	4.05	38.56	4.05
1623	6.98	46.51	2.09	4.01	38.52	4.05
1624	7.06	46.58	2.08	3.96	38.48	4.05
1625	7.13	46.67	2.06	3.91	38.44	4.04
1626	7.20	46.75	2.03	3.85	38.39	4.04
1627	7.26	46.82	2.00	3.79	38.35	4.05
1628	7.32	46.92	1.97	3.74	38.31	4.03
1629	7.37	47.00	1.94	3.67	38.28	4.02
1630	7.42	47.08	1.91	3.61	38.24	4.03
1631	7.45	47.17	1.88	3.54	38.20	4.02
1632	7.48	47.28	1.85	3.48	38.17	4.02
1633	7.51	47.37	1.81	3.41	38.12	4.01
1634	7.52	47.47	1.79	3.34	38.09	4.00
1635	7.54	47.57	1.75	3.27	38.06	4.00
1636	7.55	47.67	1.72	3.20	38.02	3.98
1637	7.55	47.78	1.69	3.13	37.99	3.97
1638	7.54	47.89	1.66	3.05	37.95	3.96
1639	7.53	47.99	1.62	2.98	37.92	3.94
1640	7.50	48.11	1.59	2.90	37.89	3.92
1641	7.47	48.22	1.56	2.83	37.86	3.91
1642	7.44	48.34	1.53	2.76	37.84	3.91
1643	7.40	48.46	1.50	2.68	37.80	3.89
1644	7.35	48.57	1.47	2.61	37.77	3.88
1645	7.30	48.70	1.45	2.54	37.76	3.87
1646	7.23	48.83	1.42	2.47	37.73	3.85
1647	7.18	48.96	1.40	2.40	37.73	3.83
1648	7.09	49.09	1.37	2.33	37.70	3.82
1649	7.01	49.23	1.34	2.25	37.69	3.80
1650	6.91	49.37	1.32	2.18	37.68	3.78
1651	6.81	49.52	1.30	2.11	37.66	3.76
1652	6.70	49.67	1.29	2.05	37.66	3.75
1653	6.59	49.83	1.26	1.98	37.64	3.72
1654	6.46	49.98	1.25	1.92	37.63	3.69
1655	6.33	50.13	1.24	1.86	37.63	3.68
1656	6.18	50.30	1.23	1.79	37.63	3.66
1657	6.03	50.46	1.22	1.74	37.63	3.65
1658	5.87	50.64	1.21	1.68	37.65	3.64
1659	5.70	50.82	1.21	1.62	37.65	3.62
1660	5.52	50.99	1.21	1.57	37.65	3.60
1661	5.34	51.17	1.21	1.51	37.66	3.57
1662	5.14	51.35	1.21	1.46	37.69	3.55
1663	4.95	51.53	1.21	1.41	37.70	3.53
1664	4.75	51.73	1.22	1.37	37.72	3.50
1665	4.56	51.92	1.22	1.32	37.73	3.48
1666	4.35	52.12	1.24	1.28	37.75	3.46
1667	4.13	52.32	1.25	1.24	37.76	3.43
1668	3.91	52.52	1.26	1.20	37.80	3.42
1669	3.68	52.73	1.27	1.17	37.82	3.40
1670	3.45	52.94	1.28	1.13	37.86	3.40
1671	3.21	53.14	1.29	1.10	37.90	3.36
1672	2.96	53.35	1.30	1.07	37.95	3.34
1673	2.71	53.56	1.32	1.04	37.98	3.33
1674	2.46	53.77	1.34	1.01	38.01	3.30
1675	2.19	53.99	1.36	0.99	38.06	3.29
1676	1.93	54.21	1.38	0.96	38.10	3.26
1677	1.66	54.44	1.40	0.94	38.14	3.24
1678	1.39	54.66	1.42	0.92	38.19	3.22
1679	1.12	54.89	1.44	0.90	38.24	3.19
1680	0.83	55.11	1.46	0.88	38.29	3.18
1681	0.54	55.34	1.48	0.86	38.35	3.16
1682	0.25	55.58	1.50	0.85	38.42	3.13
1683	-0.03	55.81	1.53	0.84	38.49	3.10
1684	-0.32	56.05	1.55	0.84	38.55	3.09
1685	-0.61	56.28	1.58	0.83	38.63	3.06
1686	-0.92	56.51	1.60	0.82	38.71	3.04
1687	-1.22	56.74	1.62	0.81	38.79	3.02
1688	-1.52	56.97	1.65	0.81	38.87	2.99
1689	-1.83	57.20	1.68	0.81	38.96	2.96
1690	-2.13	57.42	1.70	0.81	39.05	2.95
1691	-2.45	57.66	1.73	0.81	39.14	2.93
1692	-2.76	57.89	1.74	0.81	39.23	2.90
1693	-3.07	58.12	1.76	0.81	39.33	2.87
1694	-3.39	58.35	1.78	0.81	39.44	2.85
1695	-3.70	58.58	1.79	0.82	39.56	2.83
1696	-4.01	58.80	1.81	0.82	39.67	2.81
1697	-4.33	59.03	1.83	0.83	39.79	2.81
1698	-4.64	59.25	1.85	0.83	39.91	2.79
1699	-4.95	59.48	1.87	0.84	40.04	2.75
1700	-5.27	59.70	1.88	0.84	40.17	2.73
1701	-5.58	59.92	1.89	0.84	40.29	2.71
1702	-5.89	60.14	1.91	0.85	40.42	2.70
1703	-6.21	60.36	1.92	0.85	40.57	2.68
1704	-6.53	60.58	1.93	0.85	40.71	2.66
1705	-6.84	60.79	1.94	0.85	40.85	2.65
1706	-7.15	61.01	1.95	0.86	40.99	2.63
1707	-7.47	61.22	1.97	0.86	41.14	2.62
1708	-7.77	61.43	1.97	0.86	41.28	2.61
1709	-8.08	61.64	1.99	0.86	41.44	2.59
1710	-8.39	61.85	1.99	0.86	41.61	2.56
1711	-8.69	62.05	1.99	0.86	41.77	2.54
1712	-8.99	62.25	2.00	0.86	41.94	2.52
1713	-9.29	62.45	2.00	0.86	42.11	2.50
1714	-9.59	62.65	2.01	0.85	42.30	2.48
1715	-9.89	62.84	2.01	0.85	42.48	2.46
1716	-10.18	63.03	2.01	0.85	42.68	2.45
1717	-10.47	63.22	2.01	0.85	42.87	2.43
1718	-10.76	63.40	2.01	0.85	43.07	2.41
1719	-11.04	63.58	2.01	0.85	43.28	2.40
1720	-11.31	63.75	2.00	0.85	43.48	2.39
1721	-11.59	63.93	2.00	0.85	43.71	2.38
1722	-11.86	64.09	1.99	0.84	43.93	2.36
1723	-12.13	64.25	1.98	0.84	44.15	2.35
1724	-12.40	64.41	1.98	0.83	44.37	2.34
1725	-12.66	64.57	1.96	0.83	44.59	2.32
1726	-12.92	64.72	1.95	0.82	44.80	2.30
1727	-13.17	64.87	1.93	0.82	45.04	2.30
1728	-13.43	65.01	1.92	0.81	45.27	2.28
1729	-13.67	65.15	1.91	0.81	45.51	2.26
1730	-13.92	65.29	1.90	0.81	45.74	2.25
1731	-14.16	65.43	1.88	0.80	45.97	2.24
1732	-14.41	65.56	1.86	0.79	46.22	2.22
1733	-14.64	65.69	1.85	0.79	46.45	2.22
1734	-14.88	65.82	1.84	0.78	46.70	2.22
1735	-15.10	65.94	1.82	0.77	46.93	2.22
1736	-15.33	66.06	1.81	0.76	47.17	2.22
1737	-15.55	66.18	1.79	0.75	47.41	2.23
1738	-15.76	66.30	1.77	0.74	47.64	2.23
1739	-15.98	66.41	1.76	0.73	47.87	2.23
1740	-16.20	66.52	1.74	0.72	48.10	2.23
1741	-16.40	66.62	1.72	0.72	48.32	2.24
1742	-16.60	66.72	1.71	0.70	48.54	2.25
1743	-16.80	66.82	1.71	0.70	48.76	2.25
1744	-16.99	66.92	1.69	0.69	48.97	2.26
1745	-17.18	67.01	1.67	0.69	49.18	2.27
1746	-17.37	67.10	1.65	0.68	49.39	2.28
1747	-17.56	67.19	1.63	0.67	49.60	2.29
1748	-17.73	67.28	1.62	0.67	49.81	2.30
1749	-17.90	67.36	1.60	0.66	50.02	2.31
1750	-18.05	67.45	1.59	0.65	50.19	2.32
1751	-18.22	67.52	1.58	0.64	50.39	2.33
1752	-18.37	67.60	1.56	0.64	50.58	2.33
1753	-18.53	67.67	1.55	0.63	50.78	2.34
1754	-18.69	67.74	1.54	0.62	50.96	2.34
1755	-18.83	67.81	1.53	0.61	51.12	2.34
1756	-18.97	67.88	1.51	0.60	51.29	2.34
1757	-19.10	67.94	1.49	0.60	51.45	2.34
1758	-19.23	68.01	1.47	0.59	51.58	2.34
1759	-19.36	68.07	1.46	0.58	51.71	2.33
1760	-19.48	68.13	1.43	0.57	51.84	2.32
1761	-19.60	68.18	1.41	0.57	51.95	2.31
1762	-19.71	68.24	1.39	0.56	52.07	2.30
1763	-19.81	68.29	1.37	0.55	52.18	2.29
1764	-19.90	68.35	1.34	0.54	52.29	2.28
1765	-20.01	68.40	1.32	0.53	52.39	2.26
1766	-20.10	68.44	1.31	0.52	52.47	2.24
1767	-20.18	68.49	1.29	0.51	52.53	2.22
1768	-20.26	68.54	1.27	0.50	52.60	2.20
1769	-20.34	68.58	1.25	0.49	52.65	2.17
1770	-20.41	68.62	1.22	0.48	52.69	2.14
1771	-20.49	68.66	1.19	0.47	52.73	2.11
1772	-20.55	68.69	1.17	0.46	52.75	2.07
1773	-20.61	68.72	1.14	0.45	52.78	2.03
1774	-20.67	68.76	1.12	0.44	52.80	1.99
1775	-20.73	68.79	1.09	0.43	52.81	1.95
1776	-20.78	68.82	1.07	0.42	52.81	1.91
1777	-20.83	68.85	1.04	0.41	52.81	1.87
1778	-20.88	68.87	1.01	0.40	52.80	1.83
1779	-20.92	68.90	0.98	0.39	52.79	1.78
1780	-20.96	68.92	0.95	0.38	52.77	1.74
1781	-21.00	68.94	0.93	0.37	52.75	1.69
1782	-21.04	68.95	0.90	0.35	52.72	1.64
1783	-21.07	68.97	0.87	0.34	52.68	1.59
1784	-21.11	68.98	0.84	0.33	52.65	1.53
1785	-21.14	69.00	0.81	0.32	52.61	1.48
1786	-21.17	69.00	0.78	0.31	52.57	1.43
1787	-21.20	69.01	0.75	0.29	52.52	1.38
1788	-21.23	69.02	0.72	0.28	52.47	1.33
1789	-21.26	69.02	0.69	0.27	52.42	1.27
1790	-21.29	69.02	0.66	0.26	52.36	1.22
1791	-21.32	69.02	0.63	0.25	52.30	1.17
1792	-21.35	69.02	0.60	0.24	52.24	1.11
1793	-21.38	69.02	0.57	0.22	52.18	1.06
1794	-21.41	69.01	0.55	0.21	52.12	1.01
1795	-21.43	69.00	0.52	0.20	52.05	0.96
1796	-21.46	68.99	0.49	0.19	51.98	0.91
1797	-21.49	68.98	0.46	0.18	51.92	0.86
1798	-21.51	68.97	0.44	0.17	51.85	0.81
1799	-21.54	68.95	0.41	0.16	51.78	0.76
1800	-21.57	68.93	0.38	0.15	51.71	0.71
1801	-21.60	68.91	0.36	0.14	51.64	0.67
1802	-21.64	68.89	0.33	0.13	51.57	0.63
1803	-21.67	68.87	0.31	0.12	51.50	0.58
1804	-21.70	68.84	0.29	0.11	51.43	0.54
1805	-21.74	68.82	0.27	0.10	51.36	0.50
1806	-21.78	68.79	0.25	0.10	51.30	0.46
1807	-21.81	68.75	0.23	0.09	51.23	0.43
1808	-21.85	68.72	0.21	0.08	51.16	0.39
1809	-21.89	68.69	0.19	0.07	51.10	0.36
1810	-21.94	68.65	0.18	0.07	51.03	0.33
1811	-21.98	68.61	0.16	0.06	50.97	0.30
1812	-22.02	68.57	0.14	0.06	50.91	0.27
1813	-22.07	68.53	0.13	0.05	50.85	0.24
1814	-22.12	68.48	0.11	0.04	50.79	0.21
1815	-22.16	68.44	0.10	0.04	50.72	0.19
1816	-22.21	68.39	0.09	0.03	50.67	0.17
1817	-22.26	68.35	0.08	0.03	50.61	0.14
1818	-22.32	68.30	0.07	0.03	50.55	0.12
1819	-22.37	68.25	0.06	0.02	50.49	0.10
1820	-22.42	68.19	0.05	0.02	50.44	0.09
1821	-22.48	68.14	0.04	0.02	50.38	0.07
1822	-22.54	68.09	0.04	0.01	50.33	0.06
1823	-22.59	68.03	0.03	0.01	50.28	0.04
1824	-22.65	67.97	0.03	0.01	50.23	0.03
1825	-22.71	67.92	0.03	0.01	50.18	0.03
1826	-22.77	67.86	0.02	0.01	50.13	0.03
1827	-22.83	67.80	0.02	0.01	50.09	0.03
1828	-22.90	67.74	0.03	0.01	50.04	0.03
1829	-22.96	67.68	0.03	0.01	49.99	0.04
1830	-23.02	67.61	0.03	0.01	49.95	0.04
1831	-23.09	67.55	0.03	0.01	49.91	0.05
1832	-23.15	67.49	0.03	0.01	49.86	0.05
1833	-23.22	67.42	0.04	0.01	49.82	0.06
1834	-23.28	67.36	0.04	0.02	49.78	0.06
1835	-23.35	67.29	0.04	0.02	49.74	0.06
1836	-23.41	67.23	0.04	0.02	49.69	0.07
1837	-23.48	67.16	0.04	0.02	49.65	0.07
1838	-23.54	67.09	0.04	0.02	49.61	0.07
1839	-23.61	67.02	0.04	0.02	49.57	0.07
1840	-23.67	66.96	0.04	0.02	49.53	0.07
1841	-23.73	66.89	0.04	0.02	49.49	0.08
1842	-23.79	66.82	0.04	0.02	49.46	0.08
1843	-23.86	66.75	0.04	0.02	49.42	0.08
1844	-23.91	66.68	0.04	0.02	49.38	0.08
1845	-23.97	66.61	0.04	0.02	49.34	0.08
1846	-24.03	66.54	0.04	0.02	49.31	0.07
1847	-24.08	66.47	0.04	0.02	49.27	0.07
1848	-24.14	66.39	0.04	0.02	49.23	0.07
1849	-24.19	66.32	0.04	0.02	49.20	0.07
1850	-24.23	66.25	0.04	0.01	49.16	0.07
1851	-24.28	66.18	0.04	0.01	49.12	0.07
1852	-24.32	66.10	0.04	0.01	49.09	0.07
1853	-24.36	66.03	0.03	0.01	49.05	0.06
1854	-24.40	65.96	0.03	0.01	49.01	0.06
1855	-24.44	65.89	0.03	0.01	48.97	0.06
1856	-24.47	65.81	0.03	0.01	48.94	0.06
1857	-24.50	65.74	0.03	0.01	48.90	0.06
1858	-24.53	65.66	0.03	0.01	48.86	0.05
1859	-24.55	65.59	0.03	0.01	48.82	0.05
1860	-24.57	65.51	0.03	0.01	48.79	0.05
1861	-24.59	65.44	0.03	0.02	48.75	0.05
1862	-24.60	65.37	0.02	0.02	48.71	0.04
1863	-24.61	65.29	0.02	0.02	48.67	0.04
1864	-24.61	65.22	0.02	0.02	48.63	0.04
1865	-24.62	65.14	0.02	0.02	48.59	0.04
1866	-24.62	65.07	0.02	0.02	48.55	0.04
1867	-24.61	64.99	0.02	0.02	48.51	0.03
1868	-24.60	64.92	0.02	0.02	48.47	0.03
1869	-24.59	64.84	0.02	0.02	48.43	0.03
1870	-24.58	64.77	0.01	0.02	48.39	0.03
1871	-24.56	64.69	0.01	0.02	48.35	0.03
1872	-24.53	64.62	0.01	0.01	48.31	0.02
1873	-24.51	64.54	0.01	0.01	48.27	0.02
1874	-24.48	64.47	0.01	0.01	48.23	0.02
1875	-24.45	64.39	0.01	0.01	48.19	0.02
1876	-24.41	64.32	0.02	0.01	48.15	0.02
1877	-24.38	64.25	0.02	0.01	48.10	0.02
1878	-24.34	64.17	0.02	0.01	48.06	0.01
1879	-24.29	64.10	0.02	0.01	48.02	0.01
1880	-24.25	64.03	0.02	0.01	47.98	0.01
1881	-24.20	63.95	0.02	0.01	47.93	0.01
1882	-24.15	63.88	0.02	0.01	47.89	0.02
1883	-24.09	63.81	0.01	0.01	47.85	0.02
1884	-24.04	63.74	0.01	0.01	47.80	0.02
1885	-23.98	63.67	0.01	0.01	47.76	0.02
1886	-23.92	63.59	0.01	0.01	47.72	0.02
1887	-23.86	63.52	0.01	0.01	47.67	0.01
1888	-23.80	63.45	0.01	0.01	47.63	0.01
1889	-23.74	63.38	0.01	0.01	47.58	0.01
1890	-23.67	63.31	0.01	0.01	47.54	0.01
1891	-23.61	63.24	0.01	0.01	47.49	0.01
1892	-23.54	63.17	0.01	0.01	47.45	0.01
1893	-23.48	63.10	0.01	0.01	47.40	0.01
1894	-23.41	63.03	0.01	0.01	47.35	0.01
1895	-23.34	62.97	0.01	0.01	47.31	0.01
1896	-23.27	62.90	0.01	0.01	47.26	0.01
1897	-23.21	62.83	0.01	0.01	47.21	0.01
1898	-23.14	62.76	0.01	0.01	47.17	0.01
1899	-23.07	62.70	0.01	0.01	47.12	0.01
1900	-23.00	62.63	0.01	0.01	47.07	0.01
1901	-22.93	62.56	0.01	0.01	47.02	0.01
1902	-22.87	62.50	0.01	0.01	46.97	0.01
1903	-22.80	62.43	0.01	0.01	46.93	0.01
1904	-22.73	62.36	0.01	0.01	46.88	0.01
1905	-22.66	62.30	0.01	0.01	46.83	0.01
1906	-22.60	62.23	0.01	0.01	46.78	0.01
1907	-22.53	62.17	0.01	0.01	46.73	0.01
1908	-22.46	62.10	0.01	0.01	46.68	0.01
1909	-22.40	62.04	0.01	0.01	46.63	0.01
1910	-22.33	61.97	0.01	0.01	46.57	0.01
1911	-22.27	61.91	0.01	0.01	46.52	0.01
1912	-22.20	61.84	0.01	0.01	46.47	0.01
1913	-22.13	61.77	0.01	0.01	46.42	0.01
1914	-22.07	61.71	0.01	0.01	46.37	0.01
1915	-22.00	61.64	0.01	0.01	46.32	0.01
1916	-21.93	61.58	0.01	0.01	46.27	0.01
1917	-21.87	61.51	0.01	0.01	46.22	0.01
1918	-21.80	61.45	0.01	0.01	46.17	0.01
1919	-21.73	61.38	0.01	0.01	46.12	0.01
1920	-21.67	61.32	0.01	0.01	46.07	0.01
1921	-21.60	61.25	0.01	0.01	46.02	0.01
1922	-21.53	61.18	0.01	0.01	45.97	0.01
1923	-21.46	61.12	0.01	0.01	45.93	0.01
1924	-21.39	61.05	0.01	0.01	45.88	0.01
1925	-21.32	60.98	0.01	0.01	45.83	0.01
1926	-21.25	60.92	0.01	0.01	45.79	0.01
1927	-21.18	60.85	0.01	0.01	45.74	0.01
1928	-21.11	60.78	0.01	0.01	45.70	0.01
1929	-21.04	60.71	0.01	0.01	45.66	0.01
1930	-20.96	60.64	0.01	0.01	45.62	0.01
1931	-20.89	60.57	0.01	0.01	45.58	0.01
1932	-20.81	60.50	0.01	0.01	45.54	0.01
1933	-20.74	60.43	0.01	0.01	45.50	0.01
1934	-20.66	60.36	0.01	0.01	45.46	0.01
1935	-20.58	60.29	0.01	0.01	45.42	0.01
1936	-20.50	60.22	0.01	0.01	45.39	0.01
1937	-20.42	60.14	0.01	0.01	45.35	0.01
1938	-20.34	60.07	0.01	0.01	45.32	0.01
1939	-20.25	60.00	0.01	0.01	45.29	0.01
1940	-20.17	59.92	0.01	0.01	45.26	0.01
1941	-20.08	59.85	0.01	0.01	45.23	0.01
1942	-20.00	59.77	0.01	0.01	45.20	0.01
1943	-19.91	59.69	0.01	0.01	45.17	0.01
1944	-19.82	59.61	0.01	0.01	45.14	0.01
1945	-19.73	59.53	0.01	0.01	45.12	0.01
1946	-19.63	59.45	0.01	0.01	45.09	0.01
1947	-19.54	59.37	0.01	0.01	45.06	0.01
1948	-19.44	59.29	0.01	0.01	45.04	0.01
1949	-19.34	59.21	0.01	0.01	45.02	0.01
1950	-19.24	59.13	0.01	0.01	45.00	0.01
1951	-19.14	59.05	0.01	0.01	44.97	0.01
1952	-19.03	58.96	0.01	0.01	44.95	0.01
1953	-18.93	58.88	0.01	0.01	44.93	0.01
1954	-18.82	58.79	0.01	0.01	44.91	0.01
1955	-18.71	58.71	0.01	0.01	44.89	0.01
1956	-18.60	58.62	0.01	0.01	44.87	0.01
1957	-18.49	58.53	0.01	0.01	44.85	0.01
1958	-18.38	58.44	0.01	0.01	44.84	0.01
1959	-18.26	58.36	0.01	0.01	44.82	0.01
1960	-18.14	58.27	0.01	0.01	44.80	0.01
1961	-18.02	58.18	0.01	0.01	44.78	0.01
1962	-17.90	58.09	0.01	0.01	44.76	0.01
1963	-17.78	58.00	0.01	0.01	44.75	0.01
1964	-17.66	57.91	0.01	0.01	44.73	0.01
1965	-17.53	57.82	0.01	0.01	44.71	0.01
1966	-17.40	57.73	0.01	0.01	44.70	0.01
1967	-17.27	57.63	0.01	0.01	44.68	0.01
1968	-17.14	57.54	0.01	0.01	44.66	0.01
1969	-17.01	57.45	0.01	0.01	44.64	0.01
1970	-16.88	57.36	0.01	0.01	44.63	0.01
1971	-16.74	57.27	0.01	0.01	44.61	0.01
1972	-16.60	57.18	0.01	0.01	44.59	0.01
1973	-16.47	57.09	0.01	0.01	44.57	0.01
1974	-16.33	56.99	0.01	0.01	44.56	0.01
1975	-16.18	56.90	0.01	0.01	44.54	0.01
1976	-16.04	56.81	0.01	0.01	44.52	0.01
1977	-15.90	56.72	0.01	0.01	44.50	0.01
1978	-15.75	56.63	0.01	0.01	44.49	0.01
1979	-15.61	56.54	0.01	0.01	44.47	0.01
1980	-15.46	56.45	0.01	0.01	44.45	0.01
1981	-15.31	56.36	0.01	0.01	44.43	0.01
1982	-15.16	56.27	0.01	0.01	44.41	0.01
1983	-15.01	56.18	0.01	0.01	44.39	0.01
1984	-14.86	56.09	0.01	0.01	44.37	0.01
1985	-14.70	56.00	0.01	0.01	44.35	0.01
1986	-14.55	55.92	0.01	0.01	44.33	0.01
1987	-14.40	55.83	0.01	0.01	44.31	0.01
1988	-14.24	55.74	0.01	0.01	44.30	0.01
1989	-14.09	55.65	0.01	0.01	44.28	0.01
1990	-13.93	55.57	0.01	0.01	44.26	0.01
1991	-13.77	55.48	0.01	0.01	44.24	0.01
1992	-13.61	55.40	0.01	0.01	44.22	0.01
1993	-13.46	55.31	0.01	0.01	44.20	0.01
1994	-13.30	55.23	0.01	0.01	44.18	0.01
1995	-13.14	55.14	0.01	0.01	44.16	0.01
1996	-12.98	55.06	0.01	0.01	44.14	0.01
1997	-12.82	54.98	0.01	0.01	44.12	0.01
1998	-12.66	54.89	0.01	0.01	44.10	0.01
1999	-12.50	54.81	0.01	0.01	44.08	0.01
2000	-12.33	54.73	0.01	0.01	44.06	0.01