-8000	-16.4	49.8	11.1	7.1	38.2	3.8
-7950	-15.4	48.9	9.8	6.4	38	3.8
-7900	-14.1	47.6	8.5	5.7	37.8	3.8
-7850	-12.5	46	7.2	5.0	37.7	3.8
-7800	-10.6	44.1	6.0	4.3	37.5	3.8
-7750	-8.6	41.8	5.0	3.7	37.3	3.8
-7700	-6.6	39.1	4.2	3.2	37.1	3.8
-7650	-4.8	36.2	3.6	2.9	36.9	3.8
-7600	-3.6	33.1	3.3	2.8	36.6	3.8
-7550	-2.9	30.2	3.1	2.7	36.4	3.8
-7500	-2.2	27.9	3.0	2.6	36.2	3.7
-7450	-1	26.7	2.9	2.6	35.9	3.7
-7400	0.6	26.7	3.0	2.6	35.6	3.7
-7350	2.2	27.8	3.0	2.7	35.3	3.6
-7300	3.3	29.8	3.2	2.8	35	3.5
-7250	3.2	32.6	3.5	2.9	34.7	3.5
-7200	2	35.9	3.8	3.0	34.4	3.4
-7150	0.1	39.3	3.9	3.0	34.1	3.3
-7100	-1.7	42.1	3.9	2.9	33.7	3.2
-7050	-2.8	44	3.8	2.7	33.3	3.1
-7000	-3.1	45	3.7	2.6	32.9	3.0
-6950	-3	45.3	3.7	2.6	32.5	2.9
-6900	-2.8	45	3.8	2.7	32.1	2.8
-6850	-2.6	44.1	3.9	2.8	31.7	2.6
-6800	-2.4	42.8	3.8	2.8	31.2	2.5
-6750	-2.2	41.2	3.6	2.8	30.7	2.4
-6700	-1.9	39.3	3.4	2.7	30.3	2.2
-6650	-1.5	37.2	3.5	2.8	29.8	2.1
-6600	-1	35	3.7	3.0	29.3	2.1
-6550	-0.4	32.9	3.8	3.2	28.8	2.1
-6500	0.2	31	3.7	3.2	28.4	2.1
-6450	0.8	29.3	3.5	3.1	27.9	2.1
-6400	1.3	27.8	3.2	2.8	27.6	2.3
-6350	1.8	26.8	2.9	2.5	27.2	2.4
-6300	2.2	26	2.6	2.3	26.9	2.5
-6250	2.5	25.6	2.4	2.1	26.7	2.6
-6200	2.7	25.7	2.3	2.1	26.5	2.7
-6150	2.8	26	2.4	2.2	26.4	2.8
-6100	2.8	26.8	2.6	2.3	26.3	2.9
-6050	2.8	27.8	2.9	2.5	26.3	3.0
-6000	2.7	29.2	3.1	2.7	26.4	3.0
-5950	2.5	30.9	3.3	2.8	26.5	3.1
-5900	2.2	32.8	3.5	2.9	26.7	3.1
-5850	1.9	34.9	3.6	2.9	26.9	3.1
-5800	1.5	37.1	3.7	2.9	27.2	3.2
-5750	1	39.4	3.7	2.9	27.5	3.2
-5700	0.6	41.7	3.7	2.8	27.9	3.2
-5650	0	44	3.7	2.7	28.3	3.2
-5600	-0.5	46.2	3.6	2.5	28.7	3.2
-5550	-1	48.3	3.5	2.3	29.1	3.2
-5500	-1.5	50.1	3.4	2.2	29.5	3.2
-5450	-2	51.8	3.3	2.0	30	3.3
-5400	-2.4	53.1	3.1	1.9	30.4	3.3
-5350	-2.7	54.2	3.0	1.8	30.9	3.3
-5300	-2.8	54.9	2.9	1.7	31.3	3.2
-5250	-2.7	55.3	2.8	1.6	31.8	3.3
-5200	-2.5	55.3	2.8	1.6	32.2	3.2
-5150	-2.1	54.9	2.7	1.6	32.7	3.2
-5100	-1.5	54.1	2.7	1.6	33.1	3.2
-5050	-0.8	52.9	2.7	1.6	33.4	3.2
-5000	-0.1	51.5	2.7	1.7	33.8	3.2
-4950	0.7	49.8	2.7	1.8	34.1	3.2
-4900	1.5	47.9	2.8	1.9	34.4	3.2
-4850	2.2	45.9	2.8	1.9	34.6	3.2
-4800	2.9	43.8	2.7	2.0	34.8	3.2
-4750	3.6	41.8	2.7	2.0	35	3.1
-4700	4.1	39.8	2.5	1.9	35	3.1
-4650	4.6	38	2.3	1.8	35	3.1
-4600	4.9	36.3	2.1	1.7	35	3.1
-4550	5.2	34.9	1.9	1.5	34.9	3.1
-4500	5.4	33.7	1.7	1.4	34.7	3.1
-4450	5.5	32.7	1.6	1.3	34.5	3.1
-4400	5.5	31.8	1.5	1.3	34.2	3.1
-4350	5.5	31	1.6	1.4	33.8	3.1
-4300	5.5	30.3	1.7	1.5	33.5	3.1
-4250	5.4	29.7	1.8	1.6	33.2	3.1
-4200	5.2	29.2	1.9	1.6	32.9	3.0
-4150	5.1	28.7	1.9	1.7	32.8	3.1
-4100	4.9	28.4	1.8	1.6	32.8	3.0
-4050	4.7	28.1	1.6	1.4	32.9	3.0
-4000	4.4	28	1.4	1.2	33.2	3.0
-3950	4.1	28.1	1.2	1.1	33.8	3.0
-3900	3.6	28.2	1.6	1.4	34.6	3.0
-3850	2.6	28.5	2.3	2.0	35.7	3.1
-3800	1.1	28.8	2.9	2.6	37.1	3.3
-3750	-0.7	29.2	3.5	3.0	38.8	3.7
-3700	-2.7	29.7	3.9	3.4	40.6	4.3
-3650	-4.8	30.2	4.3	3.7	42.6	4.8
-3600	-6.9	30.9	4.5	3.9	44.7	5.4
-3550	-9.1	31.6	4.7	4.0	46.8	5.9
-3500	-11.2	32.3	4.7	4.0	48.8	6.4
-3450	-13.2	33.1	4.7	4.0	50.7	6.7
-3400	-14.9	33.8	4.7	3.9	52.5	6.9
-3350	-16.2	34.6	4.7	3.8	54.1	7.2
-3300	-17.1	35.3	4.6	3.8	55.6	7.6
-3250	-17.3	36	4.7	3.8	56.9	8.2
-3200	-16.8	36.6	4.7	3.8	58	8.9
-3150	-15.5	37.2	4.8	3.8	58.9	9.7
-3100	-13.4	37.7	4.8	3.8	59.7	10.5
-3050	-10.6	38.1	4.8	3.8	60.3	11.2
-3000	-7.1	38.4	4.8	3.7	60.7	11.6
-2950	-3.6	38.8	4.6	3.6	60.9	11.7
-2900	-0.4	39.2	4.1	3.2	60.8	11.2
-2850	1.9	40.1	3.2	2.4	60.5	10.2
-2800	3.2	40.9	2.2	1.6	59.9	8.8
-2750	3.3	41.3	1.8	1.4	59	7.4
-2700	1.9	40.9	2.6	1.9	57.8	6.9
-2650	-0.2	39.7	3.4	2.7	56.4	8.0
-2600	-2.2	37.6	3.9	3.1	55.1	10.5
-2550	-3.2	34.8	3.8	3.1	54.1	13.5
-2500	-3	32	3.1	2.6	53.6	16.4
-2450	-1.9	29.7	2.2	1.9	53.6	19.1
-2400	-0.6	28.5	1.8	1.6	54.2	21.4
-2350	0.2	28.7	2.1	1.8	55.1	23.3
-2300	0.4	30.3	2.4	2.1	56.5	25.0
-2250	0.2	32.6	2.4	2.0	58.2	26.2
-2200	0.3	34.7	1.8	1.5	60.3	27.1
-2150	1.3	35.5	1.3	1.1	62.6	27.7
-2100	2.8	34.5	1.6	1.3	65.1	28.1
-2050	4.2	32.5	1.6	1.4	67.7	28.2
-2000	4.8	31	1.2	1.0	70.5	28.0
-1950	4.6	31.4	1.3	1.1	73.4	27.7
-1900	4.2	33.5	1.5	1.3	76.3	27.1
-1850	4.2	35.6	1.2	0.9	79.1	26.5
-1800	4.9	36.8	1.0	0.8	81.9	25.7
-1750	5.9	37.3	1.2	0.9	84.5	24.7
-1700	6.6	37.9	1.4	1.1	87	23.8
-1650	6.4	38.3	1.7	1.4	89.3	22.8
-1600	5.3	38.3	2.2	1.7	91.3	21.7
-1550	3.6	37.4	2.7	2.1	93	20.7
-1500	1.7	35.2	3.0	2.4	94.3	19.7
-1450	0	31.9	2.9	2.5	95.3	18.7
-1400	-1.2	28.4	2.5	2.2	95.8	17.8
-1350	-1.8	25.5	1.9	1.7	95.7	17.0
-1300	-1.3	23.7	1.3	1.2	95.2	16.4
-1250	0.4	23.1	1.1	1.0	94	15.8
-1200	2.9	23.5	1.2	1.1	92.2	15.3
-1150	5	24.8	1.3	1.2	89.8	14.8
-1100	5.4	27.6	1.8	1.6	86.6	14.5
-1050	4	30.8	1.7	1.5	82.7	14.2
-1000	2.1	32.3	1.3	1.1	78.1	13.8
-950	1	31.2	1.8	1.6	73	13.3
-900	0.7	28.2	2.3	2.1	67.3	12.6
-850	1.1	24.6	2.2	2.0	61.4	11.7
-800	1.5	21.9	1.6	1.5	55.7	10.5
-750	1.3	21.1	1.2	1.1	50.5	9.2
-700	-0.1	22.2	1.6	1.5	46.3	7.9
-650	-2.6	24.9	2.1	1.9	43.3	6.7
-600	-5.6	28.3	2.1	1.8	41.8	6.0
-550	-8.2	31.2	1.6	1.3	41.7	5.9
-500	-9.3	32.6	0.8	0.7	43.1	6.4
-450	-7.9	32	1.2	1.0	45.6	7.0
-400	-3.5	29.3	1.9	1.6	49	7.7
-350	2.3	25.1	2.2	2.0	53	8.2
-300	7.2	20.1	2.2	2.1	57.2	8.4
-250	9.7	15.9	1.8	1.7	61.2	8.4
-200	9	14.1	1.9	1.8	64.9	8.1
-150	5.8	15.6	2.4	2.3	68	7.6
-100	1.7	19.6	2.5	2.3	70.1	7.0
-50	-2.4	24.5	2.2	2.0	71.1	6.4
0	-5.7	28.8	1.7	1.5	70.9	6.1
50	-6.8	31.6	1.1	0.9	69.3	6.2
100	-4.5	33.1	1.8	1.5	66.3	6.7
150	-0.3	33	2.9	2.4	61.9	7.4
200	3.1	30.8	3.6	3.1	56.6	7.9
250	4.1	26.8	3.6	3.2	50.7	7.9
300	2.5	22.7	3.2	2.9	45.2	7.1
350	-0.4	19.5	2.6	2.5	41	5.7
400	-3	17.8	2.0	1.9	38.5	4.2
450	-4.1	17.1	1.4	1.4	37.9	3.3
500	-3.6	17	1.2	1.2	39	3.0
550	-1.7	17.2	1.1	1.0	41.2	3.0
600	1.1	17.8	0.9	0.8	43.5	2.8
650	4.6	19.6	0.9	0.8	44.8	2.9
700	6.7	22.3	0.7	0.7	44.9	3.2
750	4.6	24.5	0.9	0.8	44.2	3.5
800	-0.3	24	1.4	1.3	43.2	3.7
850	-4.9	23	1.1	1.0	42.4	4.2
900	-6	24.2	0.9	0.9	42.8	5.8
950	-4.4	28.8	1.6	1.4	45.2	7.6
1000	-2.7	35.2	1.6	1.3	49.7	8.3
1050	-0.4	39.9	1.2	0.9	55.1	6.8
1100	3.5	41.1	1.2	0.9	59.7	3.8
1150	5.6	39.3	1.1	0.9	61.2	3.3
1200	4.2	36.9	1.0	0.8	59.7	5.4
1250	1.5	36.5	0.8	0.7	56.6	6.2
1300	-0.4	38.6	0.6	0.5	52.7	5.8
1350	0.3	41.1	0.7	0.5	48.4	4.6
1400	4.5	40.8	0.6	0.4	45.1	3.1
1450	4.7	38.5	0.6	0.4	44.4	3.5
1500	3.4	37.5	0.6	0.4	46.6	5.2
1550	3.1	39.1	1.0	0.8	50.5	5.9
1600	3.3	42	1.0	0.7	54.2	5.6
1650	3.8	42.9	0.9	0.6	55.8	5.1
1700	5.3	40.7	1.2	1.0	54	4.4
1750	7.1	38.3	0.9	0.7	49.6	3.2
1800	7.9	37.6	0.4	0.4	43.9	1.9
1850	7.7	35.4	0.6	0.5	38.4	1.1
1900	9	33.2	0.7	0.5	35.1	0.7
1950	12	34.9	0.5	0.4	36.7	0.4