-1100 3.9 59.5 2.8 1.1 68.1 5.2
-1090 4.6 59.3 3 1.2 67 4.8
-1080 5.4 59.1 3.2 1.2 65.9 4.5
-1070 6.2 59 3.4 1.3 64.9 4.1
-1060 7.1 58.8 3.6 1.3 64 3.8
-1050 8.1 58.6 3.7 1.4 63.2 3.5
-1040 9.1 58.5 3.9 1.4 62.4 3.3
-1030 10.1 58.3 4 1.5 61.7 3.1
-1020 11.2 58.1 4.1 1.5 61.1 2.9
-1010 12.2 58 4.1 1.5 60.6 2.7
-1000 13.4 57.9 4.1 1.6 60.1 2.6
-990 14.4 57.7 4.2 1.6 59.8 2.4
-980 15.4 57.6 4.1 1.6 59.5 2.4
-970 16.4 57.5 4.1 1.6 59.2 2.3
-960 17.1 57.4 4.1 1.6 59.1 2.3
-950 17.9 57.4 4 1.6 59 2.2
-940 18.5 57.3 3.9 1.5 59 2.2
-930 19.1 57.3 3.8 1.5 59 2.2
-920 19.5 57.2 3.6 1.5 59.2 2.2
-910 19.9 57.2 3.5 1.4 59.4 2.2
-900 20.2 57.2 3.4 1.4 59.7 2.2
-890 20.4 57.3 3.2 1.3 60 2.2
-880 20.5 57.3 3.1 1.3 60.4 2.2
-870 20.6 57.3 2.9 1.2 60.9 2.2
-860 20.7 57.4 2.8 1.2 61.4 2.2
-850 20.6 57.5 2.6 1.1 62 2.2
-840 20.5 57.6 2.4 1 62.7 2.2
-830 20.3 57.8 2.2 1 63.5 2.2
-820 20 58 2 0.9 64.6 2.2
-810 19.6 58.3 1.7 0.8 65.8 2.2
-800 19.2 58.6 1.5 0.8 67.2 2.2
-790 18.7 59 1.3 0.7 68.8 2.2
-780 18.2 59.3 1.3 0.7 70.3 2.2
-770 18 59.5 1.5 0.7 71.7 2.3
-760 18.2 59.6 1.8 0.8 72.5 2.5
-750 18.8 59.6 2.1 0.9 72.7 2.7
-740 19.6 59.4 2.4 1 72.4 2.9
-730 20.5 59.2 2.6 1.1 71.6 3.1
-720 21.4 59 2.8 1.1 70.4 3.3
-710 22 58.8 2.8 1.2 69 3.4
-700 22.4 58.8 2.8 1.2 67.4 3.5
-690 22.6 58.8 2.7 1.2 65.9 3.4
-680 22.4 59 2.5 1.1 64.6 3.4
-670 21.9 59.4 2.3 1.1 63.6 3.2
-660 21 59.9 2 1 63 3
-650 19.6 60.5 1.8 0.9 62.8 2.8
-640 17.9 61 1.6 0.8 63 2.7
-630 15.8 61.5 1.6 0.8 63.4 2.5
-620 13.5 61.8 1.6 0.8 64 2.4
-610 10.9 62.1 1.8 0.8 64.8 2.5
-600 8.4 62.3 1.9 0.8 65.7 2.6
-590 6.2 62.5 2.1 0.9 66.8 2.7
-580 4.5 62.8 2.3 0.9 68.1 2.9
-570 3.3 63.2 2.5 0.9 69.6 3.1
-560 2.9 63.6 2.5 0.9 71.2 3.3
-550 3 64.1 2.6 0.9 73 3.4
-540 3.5 64.5 2.6 0.9 74.7 3.5
-530 4.4 65 2.5 0.9 76.4 3.6
-520 5.5 65.3 2.4 0.9 78 3.6
-510 6.5 65.6 2.2 0.8 79.4 3.6
-500 7.5 65.7 2.1 0.8 80.6 3.6
-490 8 65.6 1.9 0.8 81.4 3.5
-480 8 65.4 1.7 0.7 81.9 3.4
-470 7.3 65 1.5 0.7 82 3.3
-460 6.1 64.5 1.3 0.6 81.7 3.1
-450 4.6 63.8 1.2 0.6 81.1 3
-440 2.9 63 1.1 0.6 80.1 2.9
-430 1.3 62.2 1.1 0.6 78.8 2.9
-420 -0.2 61.2 1.2 0.6 77.3 2.9
-410 -1.6 60.2 1.5 0.7 75.7 3
-400 -2.7 59 1.8 0.8 74.2 3.2
-390 -3.6 57.8 2.1 0.9 72.7 3.5
-380 -4.2 56.6 2.4 1 71.4 3.7
-370 -4.4 55.6 2.7 1.1 70.3 3.9
-360 -4.5 54.9 2.8 1.2 69.4 3.9
-350 -4.3 54.7 2.9 1.3 68.6 4
-340 -4.1 54.8 2.9 1.3 67.9 3.9
-330 -3.7 55.5 2.8 1.2 67.3 3.7
-320 -3.3 56.5 2.5 1.2 66.8 3.4
-310 -2.9 57.6 2.3 1.1 66.4 3.1
-300 -2.4 58.5 2 1 66 2.7
-290 -2 59.2 1.7 0.9 65.5 2.4
-280 -1.6 59.5 1.7 0.9 64.7 2.1
-270 -1.2 59.5 1.8 0.9 63.6 1.9
-260 -1 59.1 2 1 62.5 1.8
-250 -0.8 58.5 2.3 1.1 61.3 1.9
-240 -0.6 57.9 2.6 1.2 60.1 2
-230 -0.6 57.4 2.8 1.3 59.1 2.2
-220 -0.6 57.2 2.9 1.4 58.2 2.3
-210 -0.6 57.1 3 1.4 57.5 2.3
-200 -0.7 57.1 3 1.4 57.2 2.4
-190 -0.7 57.2 2.9 1.4 57.3 2.4
-180 -0.7 57.3 2.7 1.3 57.7 2.4
-170 -0.7 57.6 2.5 1.2 58.5 2.5
-160 -0.7 58 2.3 1.1 59.3 2.5
-150 -0.8 58.4 2.1 1 60.2 2.5
-140 -1 58.8 1.9 0.8 60.8 2.6
-130 -1.3 59.3 1.7 0.7 61.1 2.7
-120 -1.8 59.7 1.4 0.6 61.1 2.7
-110 -2.3 60.1 1.3 0.5 61 2.8
-100 -2.7 60.4 1.2 0.5 60.7 2.8
